263 455
648 806
1262 1518
1872 2120
2166 2237
2291 2379
2792 3024
3372 3663
3797 3996
4301 4521
4741 4951
5269 5504
5949 6246
6604 6885
7149 7411
7588 7792
8237 8527
8903 9185
9281 9420
9915 10228
10436 10642
10838 10987
11403 11645
11962 12199
12348 12531
12677 12798
13276 13568
13799 14047
14467 14764
15139 15420
15866 16188
16397 16622
17097 17380
17608 17829
18158 18402
18785 19080
19486 19795
20092 20349
20660 20937
21364 21660
21931 22164
22278 22379
22861 23151
23622 23977
24028 24129
24444 24639
24867 25048
25346 25526
25594 25716
25978 26123
26525 26762
27219 27544
27918 28179
28588 28868
28980 29110
29408 29607
29696 29798
29856 29933
30315 30536
30857 31086
31214 31358
31580 31750
32125 32394
32507 32638
33130 33439
33907 34251
34646 34976
35425 35781
35846 36021
36349 36565
36996 37328
37426 37591
37846 37997
38016 38122
38560 38823
38981 39121
39192 39256
39644 39843
40074 40282
40398 40525
40819 41042
41448 41707
42017 42263
42648 42896
43115 43283
43737 44018
44363 44658
44899 45128
45594 45906
46202 46466
46637 46813
46962 47107
47457 47683
47762 47855
48066 48244
48579 48815
49117 49345
49642 49891
50292 50570
50920 51186
51411 51623
52024 52329
52357 52502
52862 53102
53422 53682
54037 54344
54695 54980
55054 55175
55525 55708
55783 55893
56137 56298
56331 56436
56659 56788
56982 57145
57563 57846
58287 58612
58961 59258
59447 59639
59823 59982
60075 60184
60349 60494
60646 60783
61249 61529
61840 62126
62197 62351
62480 62588
63062 63349
63429 63578
63906 64143
64456 64640
64770 64928
65017 65137
65565 65819
66132 66362
66371 66475
66621 66747
67110 67308
67784 68112
68541 68865
69185 69425
69594 69785
69946 70071
70497 70778
70797 70907
71181 71376
71875 72221
72589 72897
73288 73585
73606 73694
73885 74020
74162 74287
74448 74601
74659 74737
75069 75294
75620 75841
75965 76135
76389 76588
76693 76842
76913 76991
77098 77227
77264 77346
77682 77895
78285 78552
78939 79244
79461 79667
79854 80019
80036 80078
80537 80779
81165 81448
81915 82240
82469 82704
82857 83015
83481 83758
83959 84143
84361 84560
85059 85410
85855 86178
86545 86843
86916 87053
87290 87457
87783 88005
88418 88700
88879 89057
89289 89463
89787 90015
90338 90585
90625 90777
91180 91425
91839 92148
92162 92295
92515 92695
93161 93466
93717 93948
94390 94705
95034 95298
95474 95648
96046 96304
96422 96542
96761 96911
97352 97604
97887 98121
98205 98336
98463 98559
98692 98811
98988 99147
99588 99860
99957 100158
100596 100898
101255 101571
101854 102097
102475 102777
103269 103608
103709 103886
104278 104486
104884 105160
105404 105666
105901 106097
106117 106180
106337 106455
106559 106639
106996 107227
107564 107827
107873 107979
108306 108525
108880 109125
109430 109673
109685 109769
109885 110028
110074 110123
110528 110740
110890 111035
111378 111606
111732 111884
112292 112556
112696 112872
113347 113632
114042 114407
114611 114849
115001 115183
115272 115412
115784 116051
116471 116779
117123 117425
117867 118169
118455 118741
119181 119522
119661 119834
119890 119953
120085 120193
120255 120328
120793 121081
121537 121875
121885 121994
122302 122518
122545 122668
123055 123319
123531 123727
124133 124419
124855 125184
125612 125938
126250 126532
126689 126859
127165 127364
127375 127457
127817 128042
128146 128288
128488 128587
128823 128992
129042 129131
129245 129350
129411 129490
129642 129738
130017 130165
130366 130496
130586 130630
130771 130831
131326 131577
131883 132149
132483 132765
132836 132956
133246 133442
133901 134191
134202 134325
134684 134901
135089 135254
135504 135709
135982 136217
136622 136935
137407 137770
138198 138531
138867 139179
139532 139823
140212 140517
140693 140885
141098 141284
141303 141351
141462 141548
141618 141639
142041 142290
142525 142727
143060 143307
143605 143841
144154 144333
144697 144966
145214 145407
145725 145943
146049 146194
146294 146428
146747 146941
147088 147250
147480 147638
148108 148377
148782 149080
149267 149473
149493 149618
149645 149660
149894 149986
150417 150660
150855 151072
151286 151476
151603 151701
152056 152301
152383 152455
152717 152861
153254 153489
153859 154143
154282 154467
154710 154933
155354 155643
155772 155936
156391 156674
156738 156865
157233 157470
157914 158218
158576 158855
159206 159491
159959 160318
160711 161043
161336 161556
161996 162256
162341 162468
162584 162671
162870 162968
163351 163575
163863 164058
164100 164195
164221 164243
164611 164819
165061 165247
165401 165525
165616 165695
166161 166409
166865 167152
167230 167381
167814 168072
168360 168610
168873 169106
169454 169694
170159 170480
170541 170729
170995 171153
171575 171821
172007 172191
172471 172687
172995 173251
173547 173789
174105 174372
174673 174936
175084 175285
175301 175357
175615 175766
176169 176430
176786 177058
177292 177506
177512 177584
177782 177935
178277 178490
178940 179241
179636 179948
180109 180297
180602 180831
180877 180955
181205 181364
181590 181760
182044 182217
182659 182949
183230 183491
183724 183939
184102 184219
184445 184588
184876 185097
185592 185926
186121 186347
186763 187056
187458 187772
188023 188267
188718 189021
189068 189176
189595 189816
190022 190218
190264 190348
190744 190972
191056 191169
191590 191825
192133 192384
192605 192783
193116 193367
193724 194021
194376 194648
195111 195426
195450 195559
196051 196360
196461 196601
196626 196706
197061 197240
197583 197803
197836 197908
197958 197986
198384 198586
198850 199030
199208 199353
199796 200041
200379 200647
200699 200865
201182 201415
201603 201749
201888 202033
202187 202306
202617 202842
202896 202981
203437 203718
203879 204097
204516 204832
204982 205165
205506 205757
205894 206038
206459 206746
207042 207344
207586 207821
207948 208099
208158 208263
208335 208379
208850 209111
209297 209462
209498 209580
210069 210289
210645 210907
210966 211055
211413 211621
211978 212229
212294 212405
212790 213047
213076 213194
213201 213232
213381 213434
213639 213778
214116 214362
214765 215036
215506 215848
215857 215947
216196 216358
216554 216694
217065 217298
217382 217507
217706 217852
218345 218618
218983 219260
219576 219835
220027 220171
220418 220606
220618 220670
220984 221161
221397 221568
222013 222294
222346 222519
222672 222807
222855 222960
223232 223389
223876 224113
224135 224277
224716 224991
225302 225564
225918 226197
226611 226868
227202 227445
227531 227696
228131 228418
228623 228839
229033 229212
229365 229534
229693 229826
230259 230542
230847 231099
231163 231305
231600 231797
232186 232465
232887 233186
233241 233365
233376 233432
233880 234101
234406 234620
234916 235125
235592 235870
236276 236563
236945 237242
237705 238013
238511 238874
238952 239146
239639 239934
240204 240443
240582 240713
240855 240970
241304 241518
242013 242316
242381 242510
242806 243019
243297 243489
243593 243698
244019 244214
244544 244813
245111 245367
245746 245999
246302 246535
246766 246967
247174 247334
247681 247907
248357 248668
249110 249419
249657 249894
250072 250231
250533 250738
250938 251110
251389 251574
251655 251749
252180 252451
252484 252621
252622 252686
252999 253169
253478 253682
253982 254199
254273 254384
254668 254829
255124 255337
255771 256044
256188 256366
256592 256785
257130 257415
257592 257776
257996 258181
258198 258251
258565 258756
259237 259524
259925 260224
260349 260539
260675 260781
261150 261384
261815 262116
262470 262737
262795 262935
263223 263416
263869 264161
264466 264742
264952 265138
265534 265813
266238 266542
266868 267122
267284 267488
267630 267736
268148 268390
268413 268509
268856 269047
269219 269343
269416 269520
269815 270006
270349 270565
270750 270931
271195 271362
271700 271938
272330 272576
272665 272794
272875 272972
273347 273554
273863 274094
274330 274528
274752 274926
275087 275217
275716 275999
276320 276569
276916 277156
277334 277494
277765 277974
278022 278120
278194 278218
278657 278866
278967 279101
279414 279630
280028 280278
280385 280500
280995 281269
281556 281779
282130 282388
282494 282650
282959 283158
283169 283278
283711 283998
284411 284702
285168 285504
285586 285788
286092 286315
286645 286911
286952 287075
287094 287131
287236 287260
287307 287368
287564 287693
287902 288057
288208 288339
288466 288551
288906 289112
289221 289378
289651 289817
290071 290249
290397 290530
290881 291103
291536 291838
292029 292232
292272 292360
292404 292474
292896 293100
293578 293893
294309 294649
294892 295169
295345 295563
296000 296264
296346 296464
296697 296857
297147 297307
297607 297818
297880 298003
298225 298366
298423 298485
298941 299199
299245 299377
299814 300059
300348 300608
300609 300710
301031 301214
301299 301434
301766 301976
302003 302093
302403 302615
303105 303404
303460 303590
304068 304344
304805 305116
305346 305568
305917 306193
306240 306391
306832 307122
307255 307439
307907 308189
308334 308465
308735 308934
309427 309736
310234 310590
310627 310726
310805 310875
311140 311287
311378 311473
311900 312150
312496 312731
313204 313475
313597 313716
313952 314093
314116 314195
314277 314353
314700 314895
314904 314980
315315 315514
315530 315620
315920 316100
316120 316218
316249 316260
316414 316491
316744 316896
317356 317626
317993 318278
318676 319016
319058 319209
319543 319778
320116 320359
320433 320543
320566 320617
320682 320733
321013 321178
321203 321302
321611 321804
322169 322395
322822 323129
323218 323386
323611 323744
324192 324458
324587 324736
324817 324937
325157 325291
325716 325981
326046 326162
326467 326676
326972 327191
327560 327825
328013 328216
328605 328881
329051 329226
329523 329722
330175 330445
330653 330821
331171 331428
331865 332117
332190 332332
332566 332707
333016 333251
333521 333771
334083 334334
334443 334590
335038 335329
335425 335572
335975 336208
336270 336391
336645 336808
336967 337096
337122 337191
337464 337619
338086 338395
338618 338854
338931 339061
339417 339649
340034 340318
340407 340562
340779 340938
341058 341188
341573 341796
342251 342533
342714 342936
343293 343544
343906 344165
344286 344418
344572 344684
345184 345488
345971 346305
346481 346690
346844 347019
347347 347552
347930 348204
348691 349037
349429 349750
350121 350424
350470 350635
350728 350852
351259 351524
351786 352017
352223 352419
352538 352651
352910 353086
353260 353419
353656 353824
354300 354593
355085 355415
355537 355714
355936 356105
356249 356408
356472 356559
356856 357059
357226 357377
357647 357811
357897 358000
358416 358627
358836 358997
359055 359132
359324 359421
359728 359935
360152 360385
360601 360816
360854 360939
361421 361683
361783 361933
362063 362185
362383 362559
362694 362826
363238 363516
363849 364105
364228 364388
364602 364761
365096 365325
365820 366130
366225 366402
366561 366684
366997 367164
367506 367714
368011 368232
368416 368581
368673 368761
368950 369097
369361 369530
370003 370259
370526 370771
371007 371190
371379 371538
371881 372116
372601 372913
373203 373440
373784 374062
374420 374726
374961 375199
375344 375504
375820 376029
376047 376152
376519 376742
376870 377008
377026 377090
377550 377785
378240 378578
379064 379443
379889 380270
380601 380879
381004 381154
381291 381429
381784 381986
382170 382371
382559 382744
382798 382905
382991 383115
383206 383293
383405 383486
383526 383575
384053 384313
384437 384604
384963 385170
385404 385600
385997 386288
386550 386777
387151 387426
387558 387711
388038 388275
388339 388464
388630 388751
389107 389353
389624 389838
390054 390259
390326 390410
390850 391115
391369 391592
392046 392357
392734 393015
393274 393519
393807 394076
394467 394750
394839 394949
395166 395336
395773 396058
396062 396163
396518 396723
397191 397501
397529 397679
398027 398229
398346 398473
398728 398880
399259 399492
399567 399652
399672 399692
399834 399940
400069 400170
400418 400615
401102 401409
401458 401591
401838 402036
402255 402426
402882 403157
403476 403713
403840 403986
404112 404275
404719 405034
405332 405572
405831 406053
406084 406207
406429 406595
406841 407005
407292 407476
407867 408153
408589 408937
409256 409540
409624 409760
409972 410105
410154 410213
410658 410926
411208 411459
411643 411813
412114 412322
412375 412428
412745 412941
413430 413736
414093 414373
414731 415018
415321 415585
415666 415823
416163 416397
416566 416742
416979 417149
417303 417408
417645 417756
418008 418202
418690 419020
419358 419689
420024 420306
420687 420978
421307 421552
422004 422325
422392 422525
422672 422784
423150 423416
423766 424033
424068 424189
424588 424827
425292 425598
425716 425884
426288 426548
426863 427125
427358 427539
427667 427762
427900 427996
428422 428688
428760 428894
429263 429507
429817 430080
430103 430186
430249 430322
430787 431080
431284 431453
431550 431655
432025 432216
432366 432496
432542 432640
433044 433282
433529 433729
434107 434390
434444 434568
434983 435269
435447 435643
435811 435955
436140 436277
436390 436504
436723 436889
437157 437377
437410 437484
437894 438096
438500 438783
439074 439322
439558 439733
439775 439826
440284 440496
440633 440727
441017 441189
441602 441869
442166 442393
442420 442521
442921 443135
443328 443490
443735 443933
444046 444150
444492 444667
445150 445456
445723 445959
446056 446181
446552 446802
446944 447114
447177 447274
447492 447623
447650 447696
447865 447972
448288 448471
448482 448551
448717 448813
449211 449472
449558 449691
450136 450421
450461 450591
450770 450907
451301 451571
451879 452128
452186 452333
452809 453118
453274 453448
453923 454211
454280 454374
454586 454740
454934 455118
455551 455844
456341 456684
456718 456896
457035 457168
457444 457684
458141 458421
458872 459198
459494 459733
459986 460209
460406 460585
460703 460822
460860 460935
461297 461535
461843 462094
462447 462723
462830 462976
463062 463162
463230 463324
463735 463978
464473 464834
465132 465423
465450 465544
465677 465799
465935 466073
466423 466645
466700 466827
467106 467294
467320 467381
467444 467516
467742 467865
467933 467986
468375 468599
468899 469126
469471 469679
469852 470022
470105 470222
470580 470783
471159 471400
471583 471738
471837 471970
472423 472738
472906 473100
473553 473837
474321 474704
474836 475021
475514 475881
476322 476669
477085 477416
477442 477563
477783 477912
478148 478292
478350 478442
478882 479146
479361 479537
479902 480181
480542 480815
480910 481060
481390 481592
481595 481654
482113 482366
482823 483162
483540 483868
484194 484491
484585 484733
485180 485446
485757 486061
486420 486739
487014 487263
487392 487573
488035 488337
488750 489075
489179 489336
489681 489929
490248 490496
490584 490695
490983 491176
491642 491918
492266 492489
492705 492885
493122 493350
493835 494171
494542 494834
494916 495030
495188 495295
495726 495956
496359 496636
496666 496804
497030 497223
497698 497989
498036 498187
498453 498654
498960 499196
499268 499423
499564 499702
499759 499839
500037 500153
500356 500482
500564 500628
500975 501162
501532 501783
501996 502184
502210 502293
502763 503054
503133 503235
503733 504033
504254 504441
504717 504900
504966 505060
505545 505809
506247 506548
506912 507185
507418 507631
507653 507731
508030 508219
508225 508312
508786 509049
509396 509658
509748 509892
510334 510610
510890 511112
511412 511642
512105 512439
512463 512578
513054 513339
513456 513631
513973 514245
514435 514625
515047 515317
515785 516081
516419 516682
516844 517012
517249 517448
517791 518012
518070 518229
518667 518970
518985 519065
519226 519337
519352 519396
519444 519470
519888 520090
520442 520689
520944 521159
521179 521295
521343 521422
521610 521704
521927 522116
522122 522219
522493 522652
523100 523382
523527 523679
524020 524250
524684 524987
525371 525658
526110 526413
526902 527276
527482 527696
527948 528158
528257 528380
528538 528629
528764 528836
529144 529329
529645 529824
529837 529889
530208 530380
530763 531036
531230 531429
531904 532224
532385 532570
532973 533224
533292 533435
533872 534167
534477 534764
534978 535175
535192 535286
535404 535500
535786 535962
536219 536410
536685 536886
536986 537101
537271 537410
537414 537521
537895 538100
538307 538491
538701 538916
539082 539227
539321 539408
539656 539799
540079 540279
540344 540481
540624 540780
541050 541260
541694 541991
542147 542332
542419 542515
542602 542671
542978 543160
543206 543254
543591 543766
543785 543859
544047 544164
544609 544876
545015 545180
545636 545894
546339 546643
546866 547096
547178 547311
547649 547899
548312 548638
548780 548972
549028 549111
549545 549785
549865 549964
550210 550412
550786 551051
551454 551753
551918 552116
552534 552839
552918 553077
553174 553297
553734 553994
554432 554742
554913 555093
555236 555396
555454 555543
555656 555735
555887 555992
555999 556073
556284 556390
556440 556491
556912 557128
557529 557819
558273 558611
559009 559327
559446 559615
559742 559876
560306 560554
560819 561069
561171 561270
561763 562059
562283 562495
562541 562646
563006 563255
563400 563548
564032 564315
564460 564591
564809 564971
565172 565338
565584 565737
565742 565812
565939 566002
566383 566590
566774 566947
567022 567124
567318 567480
567746 567952
568255 568472
568783 569038
569485 569741
570236 570577
570949 571254
571563 571812
572090 572321
572407 572537
572828 573019
573451 573692
573970 574201
574252 574366
574731 574972
575012 575111
575348 575524
575831 576044
576075 576162
576286 576382
576597 576759
576850 576974
577256 577459
577749 577972
578341 578560
578901 579145
579484 579736
579763 579885
580054 580175
580283 580386
580510 580602
580656 580698
581120 581403
581780 582059
582287 582481
582553 582613
582809 582952
583298 583502
583821 584042
584247 584433
584762 585021
585401 585668
586159 586488
586789 587039
587511 587835
588260 588580
588806 589019
589084 589161
589312 589432
589691 589831
590057 590225
590409 590548
590588 590667
590714 590751
590981 591120
591307 591434
591655 591825
592018 592187
592579 592855
593071 593295
593587 593821
593992 594125
594505 594754
595174 595508
595715 595976
596030 596132
596464 596676
596938 597158
597246 597368
597840 598141
598530 598821
599006 599187
599528 599771
599946 600121
600426 600665
600835 601025
601420 601649
601672 601750
601895 601999
602182 602311
602554 602720
602743 602795
603148 603304
603385 603440
603757 603961
604071 604189
604242 604321
604715 604927
605380 605696
605927 606152
606478 606696
607080 607360
607451 607595
607934 608136
608573 608823
609085 609313
609429 609572
609839 610028
610042 610116
610404 610556
610939 611179
611644 611954
612128 612331
612409 612533
612946 613170
613234 613323
613558 613711
613800 613888
614323 614547
614581 614691
615124 615354
615624 615879
616302 616625
616856 617094
617279 617447
617607 617722
617760 617824
617950 618027
618093 618127
618498 618650
619106 619389
619703 619964
620404 620703
621202 621536
621909 622202
622421 622648
622943 623175
623234 623367
623558 623695
624129 624392
624530 624687
624747 624812
625111 625273
625479 625630
625977 626188
626641 626962
627102 627300
627674 627908
627998 628103
628464 628701
628986 629211
629444 629636
630075 630371
630643 630896
631101 631307
631404 631555
632025 632332
632600 632824
633052 633254
633682 633979
634195 634413
634418 634524
634760 634901
635368 635622
635807 635991
636240 636399
636535 636686
636845 637003
637323 637526
637615 637729
638037 638194
638511 638692
638799 638892
639099 639234
639407 639527
639667 639760
639878 639977
640087 640169
640304 640390
640443 640484
640960 641199
641433 641594
641701 641828
641995 642138
642306 642439
642925 643196
643572 643844
644029 644218
644396 644564
644874 645108
645414 645684
645889 646127
646455 646692
647171 647501
647875 648217
648298 648433
648624 648758
649122 649354
649567 649765
650089 650294
650437 650567
650642 650763
651226 651481
651592 651731
651919 652040
652067 652105
652501 652706
652859 653007
653094 653229
653246 653301
653567 653726
654022 654225
654427 654638
655058 655354
655746 656088
656419 656707
656812 656961
657388 657653
658048 658325
658781 659116
659149 659271
659691 659945
660043 660215
660464 660647
660726 660832
660842 660897
661001 661082
661390 661547
661962 662234
662665 663002
663324 663630
664030 664322
664561 664767
665199 665470
665644 665819
666189 666459
666555 666684
666744 666809
667220 667436
667581 667707
667853 667972
668058 668127
668613 668900
669169 669398
669658 669870
670355 670667
671037 671339
671624 671909
672047 672233
672601 672827
673062 673264
673719 674018
674386 674671
675150 675538
675986 676343
676753 677065
677321 677579
677733 677900
678064 678201
678473 678652
678971 679166
679170 679243
679643 679886
679992 680130
680619 680909
681007 681142
681407 681561
681645 681752
681805 681846
681949 682031
682262 682429
682706 682934
683004 683139
683473 683696
684029 684270
684474 684612
684836 684967
684976 685045
685286 685451
685864 686111
686562 686920
687187 687461
687927 688250
688269 688430
688872 689119
689374 689553
689817 689997
690236 690436
690656 690849
691029 691177
691440 691633
691903 692086
692388 692588
692969 693216
693620 693892
694139 694388
694412 694499
694948 695197
695590 695898
695928 696036
696105 696148
696272 696345
696565 696682
697083 697360
697639 697852
698125 698333
698799 699123
699611 699961
699989 700142
700232 700322
700510 700627
700763 700868
701034 701125
701210 701269
701698 701962
702217 702473
702829 703099
703426 703680
704012 704250
704301 704425
704747 704984
705065 705204
705242 705340
705605 705748
706092 706311
706371 706487
706855 707104
707224 707395
707497 707609
708040 708271
708381 708546
708784 708946
709060 709171
709522 709735
709864 710026
710150 710268
710440 710618
710828 710978
711233 711403
711876 712139
712520 712808
713188 713462
713949 714278
714745 715123
715465 715780
716216 716547
716992 717343
717780 718094
718477 718793
718959 719122
719138 719199
719426 719569
719696 719802
720177 720385
720708 720939
721310 721574
721990 722256
722539 722757
722851 723021
723127 723287
723586 723791
723851 723946
724334 724577
724914 725164
725616 725921
726406 726738
726765 726883
726998 727119
727602 727882
728111 728312
728607 728815
729031 729193
729640 729934
729983 730110
730291 730446
730872 731154
731482 731762
732022 732237
732347 732483
732934 733216
733677 734000
734015 734132
734342 734458
734645 734751
735204 735465
735546 735686
736104 736344
736645 736867
737171 737403
737500 737629
738086 738368
738845 739194
739570 739897
740168 740415
740567 740750
740903 741027
741520 741772
741919 742066
742180 742335
742626 742826
743189 743449
743885 744196
744602 744897
745333 745680
745944 746197
746316 746473
746924 747194
747660 747982
747983 748096
748128 748190
748670 748923
749026 749166
749366 749532
749914 750117
750167 750260
750675 750925
751375 751704
752124 752439
752691 752955
753198 753438
753762 754003
754465 754761
754903 755055
755223 755344
755655 755828
756180 756445
756500 756612
757099 757376
757787 758083
758246 758438
758652 758799
759204 759441
759717 759927
760002 760146
760443 760629
761010 761255
761442 761629
761972 762211
762503 762766
763081 763363
763465 763597
764012 764270
764459 764643
764709 764827
765108 765325
765747 766021
766314 766568
766946 767254
767539 767800
767932 768095
768365 768579
768743 768882
769054 769190
769254 769324
769799 770092
770292 770541
770816 771046
771181 771327
771675 771908
772207 772419
772908 773214
773336 773520
773728 773882
774231 774455
774595 774699
775013 775193
775384 775523
775667 775819
776193 776434
776556 776685
776865 776995
777422 777671
778006 778290
778597 778812
778896 779024
779135 779227
779240 779277
779603 779782
779785 779915
780113 780298
780495 780625
780998 781204
781610 781890
781894 782025
782080 782166
782564 782769
783008 783197
783432 783643
783779 783945
784282 784491
784846 785103
785366 785599
786034 786323
786723 787012
787363 787687
788128 788469
788586 788709
788841 788977
789055 789119
789286 789405
789850 790100
790112 790224
790503 790734
790749 790861
791263 791487
791676 791839
792323 792660
793052 793359
793670 793925
793942 794051
794117 794200
794544 794720
794848 795001
795172 795297
795625 795840
795843 795921
796368 796620
796637 796735
796807 796852
797067 797170
797541 797787
797851 797968
798026 798071
798189 798278
798739 799024
799416 799726
800086 800380
800419 800543
800605 800713
801205 801502
801599 801730
801881 802014
802255 802413
802490 802593
802665 802749
802817 802855
803250 803459
803793 804005
804354 804575
804980 805236
805340 805440
805850 806083
806195 806350
806685 806901
807314 807604
807818 808008
808181 808289
808711 808947
809278 809501
809628 809776
809897 810006
810374 810628
811065 811389
811759 812062
812530 812889
813130 813363
813542 813723
814182 814490
814683 814869
815216 815456
815470 815554
815611 815639
815910 816070
816527 816804
817201 817490
817510 817664
818113 818398
818553 818721
818751 818859
819096 819247
819446 819592
819619 819667
819888 819997
820199 820312
820544 820707
821011 821234
821313 821437
821591 821702
822171 822452
822786 823041
823343 823560
823808 824049
824248 824458
824799 825042
825136 825259
825264 825292
825701 825910
826203 826408
826701 826916
827138 827324
827711 827934
828289 828568
828633 828742
829083 829273
829718 830010
830255 830504
830950 831275
831301 831445
831465 831478
831864 832075
832092 832169
832595 832810
833259 833553
833606 833774
834146 834376
834584 834754
835123 835394
835824 836109
836369 836604
836704 836840
836953 837027
837461 837723
838172 838489
838627 838816
839303 839617
840108 840444
840489 840647
840698 840751
840789 840822
841288 841526
841658 841812
841819 841891
842328 842593
843070 843424
843709 843956
844381 844654
845100 845413
845528 845673
846043 846271
846710 846989
847080 847241
847583 847791
848153 848415
848808 849092
849178 849336
849663 849902
850023 850189
850515 850715
850862 850988
851101 851195
851283 851366
851537 851685
852073 852303
852531 852711
853102 853351
853593 853805
854250 854545
854588 854698
854933 855099
855373 855575
855914 856131
856233 856416
856534 856660
856857 856971
857381 857641
857908 858119
858272 858428
858886 859185
859599 859927
860058 860231
860533 860767
861059 861268
861686 861966
862117 862319
862489 862668
862758 862875
862882 862900
863204 863355
863485 863632
863882 864048
864254 864415
864582 864693
865137 865395
865697 865903
866169 866332
866672 866884
867317 867591
867820 867995
868236 868393
868741 868981
869032 869126
869366 869532
869731 869925
869961 870049
870089 870138
870386 870541
870618 870675
871053 871263
871460 871622
871816 871964
872397 872654
872761 872893
873039 873159
873363 873528
873593 873712
873749 873811
874187 874393
874856 875166
875358 875569
875868 876047
876253 876407
876763 876982
877246 877460
877618 877765
877968 878092
878235 878332
878521 878662
879125 879392
879709 879967
880348 880621
881013 881295
881486 881694
882191 882495
882650 882814
883249 883550
883706 883875
884270 884531
884643 884790
885061 885241
885733 886059
886521 886870
887345 887687
888024 888354
888367 888446
888926 889208
889646 890017
890514 890908
891322 891674
892172 892529
892670 892865
893136 893363
893517 893683
894127 894447
894788 895053
895262 895455
895562 895684
896039 896271
896420 896544
896841 897037
897418 897642
898124 898415
898572 898716
898857 898984
899213 899404
899886 900177
900341 900534
900940 901189
901601 901895
902089 902285
902679 902965
903442 903821
904047 904284
904368 904493
904749 904938
904981 905095
905283 905423
905705 905872
905948 906034
906468 906750
906848 906992
907017 907077
907107 907127
907381 907499
907505 907550
907605 907628
907763 907843
908243 908441
908573 908726
909032 909248
909643 909936
910130 910320
910524 910685
910930 911073
911352 911527
911940 912206
912467 912692
913098 913359
913610 913826
913832 913904
914072 914148
914540 914748
914880 915030
915483 915766
915923 916108
916226 916379
916838 917106
917173 917259
917548 917691
917699 917781
918158 918391
918552 918702
918877 918992
919142 919271
919695 919953
920265 920528
920690 920870
920980 921092
921378 921601
921615 921701
921885 922037
922307 922503
922932 923219
923530 923764
924262 924587
924681 924840
925196 925407
925501 925628
925873 926021
926302 926483
926585 926707
926924 927096
927327 927519
927919 928218
928318 928458
928744 928933
929274 929508
929820 930055
930082 930171
930322 930425
930754 930960
931139 931280
931423 931536
931703 931850
932020 932144
932587 932874
933241 933521
933692 933855
934137 934325
934649 934901
935046 935224
935450 935645
935872 936037
936069 936158
936609 936868
937068 937278
937316 937392
937444 937539
937734 937816
938026 938161
938356 938511
938608 938724
938833 938882
939311 939520
939538 939590
939670 939741
940033 940237
940392 940574
940764 940931
941263 941443
941748 941942
942003 942149
942605 942861
943154 943379
943440 943521
943657 943724
944189 944464
944611 944764
944966 945110
945167 945256
945373 945481
945627 945762
945812 945899
945983 946081
946440 946691
947156 947487
947699 947872
947930 948030
948089 948130
948433 948568
948640 948752
949017 949158
949550 949789
950280 950619
951070 951393
951862 952205
952231 952367
952687 952889
953248 953520
953788 953996
954425 954665
954827 954949
955288 955517
955910 956184
956678 957024
957265 957470
957942 958291
958545 958774
959230 959543
959602 959774
959888 960019
960472 960793
960964 961196
961510 961749
962025 962236
962328 962434
962799 962991
963406 963652
964151 964480
964497 964629
964807 964921
965142 965296
965676 965934
966388 966686
967137 967465
967759 968022
968118 968290
968520 968679
968966 969174
969393 969587
970007 970268
970361 970516
971004 971296
971643 971913
972412 972758
972815 973008
973371 973617
974116 974439
974487 974658
974852 974985
975067 975150
975247 975367
975413 975445
975554 975615
975656 975712
976007 976156
976211 976294
976356 976431
976448 976519
976824 977013
977472 977760
977783 977908
978351 978613
978920 979157
979159 979254
979559 979727
979743 979810
979933 980020
980106 980196
980584 980817
980911 981052
981300 981506
981979 982275
982512 982736
983126 983410
983605 983773
984100 984284
984633 984868
985315 985661
986152 986510
986977 987344
987729 988048
988051 988174
988553 988777
989178 989454
989492 989629
989690 989812
990148 990377
990788 991034
991154 991293
991552 991751
991989 992187
992544 992807
993099 993341
993821 994147
994578 994890
995351 995681
995983 996257
996602 996842
997264 997559
997890 998110
998150 998299
998754 999047
999085 999225
999361 999449
999716 999881
1000305 1000564
1000717 1000853
1000907 1000985
1001151 1001258
1001428 1001563
1001745 1001918
1002030 1002138
1002180 1002222
1002642 1002885
1002947 1003037
1003175 1003277
1003297 1003333
1003488 1003569
1003752 1003887
1003978 1004109
1004183 1004261
1004677 1004921
1005401 1005719
1005747 1005875
1006098 1006268
1006644 1006875
1007308 1007627
1008021 1008316
1008672 1008964
1009147 1009349
1009384 1009440
1009700 1009839
1010045 1010216
1010318 1010437
1010781 1010979
1011210 1011367
1011584 1011756
1012047 1012258
1012488 1012670
1012991 1013243
1013424 1013599
1014098 1014423
1014519 1014656
1014900 1015104
1015401 1015625
1015775 1015938
1016001 1016103
1016345 1016465
1016787 1016986
1017314 1017566
1017895 1018134
1018592 1018901
1019401 1019759
1019775 1019929
1020305 1020551
1020934 1021211
1021412 1021657
1021923 1022175
1022390 1022586
1023016 1023323
1023775 1024128
1024510 1024837
1025101 1025337
1025407 1025513
1025855 1026068
1026402 1026620
1026683 1026783
1027150 1027377
1027449 1027559
1028012 1028276
1028519 1028702
1028927 1029130
1029249 1029376
1029412 1029466
1029729 1029892
1030279 1030511
1030722 1030935
1031331 1031617
1032105 1032484
1032645 1032877
1032916 1033040
1033127 1033222
1033335 1033440
1033638 1033787
1034124 1034378
1034860 1035214
1035367 1035581
1035766 1035946
1036053 1036174
1036575 1036799
1036880 1036991
1037222 1037373
1037429 1037515
1037854 1038064
1038324 1038532
1038670 1038815
1039275 1039574
1039807 1040025
1040172 1040285
1040471 1040651
1041013 1041229
1041523 1041750
1041791 1041910
1042267 1042505
1042912 1043199
1043412 1043618
1044068 1044375
1044600 1044846
1044851 1044940
1045017 1045077
1045338 1045465
1045867 1046099
1046434 1046674
1046699 1046792
1047163 1047382
1047622 1047816
1047887 1047980
1048438 1048691
1048889 1049078
1049108 1049210
1049248 1049280
1049672 1049886
1050249 1050525
1050803 1051055
1051431 1051689
1051702 1051799
1051965 1052064
1052236 1052357
1052518 1052626
1052825 1052974
1053133 1053280
1053289 1053334
1053656 1053802
1054249 1054496
1054985 1055324
1055414 1055597
1055974 1056207
1056543 1056803
1056948 1057123
1057604 1057923
1058289 1058606
1058843 1059105
1059575 1059893
1060145 1060324
1060513 1060659
1060867 1061006
1061256 1061408
1061905 1062205
1062463 1062696
1063159 1063479
1063975 1064347
1064678 1064954
1065208 1065428
1065481 1065563
1066022 1066289
1066394 1066557
1066977 1067225
1067398 1067577
1068076 1068375
1068467 1068618
1069046 1069315
1069416 1069560
1069838 1070026
1070399 1070656
1071089 1071387
1071599 1071776
1072043 1072241
1072728 1073033
1073109 1073225
1073592 1073837
1073978 1074149
1074257 1074369
1074729 1074929
1075291 1075546
1075609 1075729
1075909 1076040
1076246 1076376
1076675 1076874
1077272 1077573
1077953 1078244
1078694 1079012
1079422 1079714
1079960 1080204
1080303 1080443
1080814 1081048
1081492 1081776
1081891 1082063
1082293 1082488
1082539 1082652
1083077 1083325
1083353 1083463
1083780 1083963
1084148 1084299
1084446 1084608
1084807 1084967
1085105 1085226
1085290 1085348
1085786 1086011
1086187 1086363
1086809 1087115
1087416 1087676
1087845 1087992
1088329 1088535
1088953 1089236
1089686 1090016
1090441 1090749
1090852 1091017
1091375 1091610
1091788 1091979
1092101 1092223
1092363 1092506
1092721 1092856
1093093 1093267
1093272 1093341
1093669 1093834
1093923 1093998
1094359 1094553
1094844 1095066
1095541 1095898
1095926 1096049
1096472 1096721
1097196 1097526
1097800 1098027
1098478 1098791
1099257 1099591
1099940 1100245
1100521 1100753
1101074 1101366
1101456 1101586
1101828 1102001
1102128 1102287
1102320 1102367
1102785 1103011
1103176 1103332
1103334 1103380
1103755 1103957
1104109 1104257
1104570 1104754
1104757 1104824
1104978 1105096
1105476 1105702
1106155 1106475
1106841 1107124
1107479 1107776
1107951 1108122
1108303 1108456
1108777 1108964
1109255 1109505
1110000 1110312
1110665 1110963
1111126 1111329
1111440 1111573
1112064 1112378
1112692 1112950
1113031 1113174
1113382 1113520
1113640 1113761
1113926 1114024
1114028 1114049
1114393 1114559
1114775 1114921
1115195 1115434
1115557 1115708
1115896 1116046
1116323 1116512
1116548 1116651
1117109 1117372
1117536 1117709
1117977 1118177
1118572 1118856
1119148 1119396
1119805 1120075
1120216 1120387
1120801 1121054
1121258 1121462
1121629 1121795
1121987 1122151
1122648 1122968
1123024 1123170
1123306 1123425
1123487 1123520
1123801 1123942
1124112 1124243
1124589 1124828
1124919 1125037
1125398 1125617
1126069 1126408
1126599 1126824
1126952 1127091
1127137 1127200
1127533 1127727
1128205 1128495
1128951 1129283
1129635 1129952
1130432 1130780
1131155 1131519
1131567 1131696
1132053 1132287
1132320 1132405
1132762 1132973
1133370 1133664
1133758 1133918
1134062 1134161
1134328 1134462
1134714 1134875
1135012 1135143
1135411 1135530
1135844 1136035
1136091 1136217
1136494 1136697
1137034 1137267
1137281 1137411
1137756 1137991
1138255 1138456
1138542 1138660
1138884 1139061
1139163 1139271
1139671 1139936
1140112 1140287
1140432 1140581
1140642 1140721
1141024 1141206
1141545 1141774
1142120 1142339
1142699 1142961
1143347 1143634
1144050 1144344
1144735 1145003
1145357 1145631
1145906 1146142
1146618 1146932
1146984 1147122
1147562 1147835
1148008 1148211
1148514 1148720
1148805 1148963
1149087 1149201
1149541 1149770
1150223 1150521
1150656 1150847
1150962 1151092
1151311 1151480
1151584 1151706
1152195 1152476
1152705 1152904
1153155 1153344
1153484 1153629
1153923 1154155
1154415 1154610
1155108 1155461
1155730 1156031
1156474 1156804
1157188 1157490
1157650 1157839
1157903 1157966
1158030 1158082
1158236 1158319
1158337 1158400
1158514 1158620
1158953 1159174
1159590 1159891
1160037 1160200
1160221 1160255
1160607 1160770
1161065 1161255
1161431 1161587
1161868 1162066
1162335 1162543
1162883 1163157
1163550 1163872
1164330 1164689
1165048 1165360
1165563 1165779
1166179 1166449
1166800 1167056
1167180 1167366
1167691 1167913
1168313 1168583
1168788 1168996
1169383 1169646
1169786 1169949
1170410 1170700
1170790 1170955
1171131 1171279
1171572 1171780
1171800 1171886
1172195 1172360
1172366 1172394
1172495 1172572
1172947 1173159
1173383 1173596
1173747 1173891
1174073 1174224
1174652 1174907
1175272 1175529
1175774 1176004
1176276 1176508
1176905 1177174
1177537 1177830
1177967 1178143
1178355 1178483
1178627 1178752
1178941 1179089
1179463 1179693
1180182 1180526
1180986 1181361
1181417 1181569
1181871 1182084
1182422 1182665
1182877 1183095
1183297 1183469
1183474 1183534
1183569 1183613
1183987 1184171
1184528 1184766
1185201 1185511
1185753 1185929
1186228 1186442
1186470 1186563
1186866 1187017
1187101 1187168
1187407 1187537
1187988 1188277
1188681 1188992
1189189 1189398
1189841 1190158
1190468 1190733
1190831 1190973
1191160 1191278
1191369 1191446
1191513 1191606
1191711 1191758
1192118 1192337
1192716 1192977
1193043 1193177
1193628 1193905
1194145 1194357
1194524 1194717
1195169 1195446
1195802 1196099
1196397 1196638
1196953 1197197
1197363 1197538
1197930 1198155
1198425 1198646
1198691 1198801
1198932 1199035
1199037 1199084
1199529 1199809
1200033 1200229
1200708 1201040
1201522 1201859
1202152 1202410
1202852 1203140
1203453 1203722
1203773 1203890
1203979 1204100
1204421 1204659
1204846 1205027
1205340 1205549
1205552 1205635
1205788 1205868
1206068 1206169
1206631 1206898
1207313 1207616
1208114 1208452
1208480 1208617
1208722 1208806
1209224 1209465
1209835 1210120
1210491 1210772
1210825 1210984
1211329 1211548
1211661 1211791
1212112 1212325
1212612 1212810
1212829 1212894
1213249 1213401
1213566 1213701
1214051 1214235
1214238 1214320
1214571 1214713
1214741 1214821
1215222 1215460
1215475 1215567
1215718 1215816
1216253 1216537
1216818 1217068
1217500 1217805
1217886 1218050
1218427 1218669
1219137 1219455
1219686 1219923
1220036 1220153
1220353 1220487
1220643 1220751
1221189 1221442
1221474 1221592
1221829 1222010
1222236 1222428
1222593 1222739
1222879 1223017
1223215 1223372
1223712 1223921
1223963 1224052
1224190 1224312
1224400 1224506
1224817 1225004
1225157 1225290
1225478 1225643
1225703 1225813
1225983 1226118
1226263 1226377
1226556 1226691
1226743 1226814
1227146 1227338
1227661 1227862
1227963 1228105
1228324 1228455
1228727 1228907
1228923 1228949
1229414 1229662
1229791 1229957
1230157 1230303
1230562 1230751
1230854 1230983
1231483 1231765
1232160 1232467
1232840 1233137
1233238 1233429
1233441 1233540
1233576 1233601
1234078 1234325
1234583 1234809
1234984 1235184
1235399 1235583
1235856 1236051
1236349 1236560
1237000 1237276
1237387 1237522
1237819 1238012
1238315 1238548
1238783 1238996
1239099 1239204
1239655 1239908
1240195 1240412
1240649 1240843
1241320 1241609
1241697 1241851
1241877 1241965
1242344 1242547
1243021 1243312
1243351 1243479
1243577 1243659
1243772 1243852
1243857 1243876
1244030 1244096
1244138 1244219
1244377 1244491
1244525 1244595
1244840 1245011
1245408 1245619
1245623 1245696
1246131 1246368
1246803 1247131
1247350 1247593
1248090 1248401
1248867 1249202
1249546 1249848
1250319 1250661
1250905 1251106
1251573 1251858
1252147 1252411
1252758 1253021
1253155 1253280
1253501 1253651
1254015 1254258
1254745 1255089
1255165 1255303
1255749 1256015
1256175 1256354
1256688 1256907
1257331 1257620
1257889 1258121
1258529 1258795
1258806 1258888
1259033 1259120
1259617 1259924
1260152 1260350
1260634 1260831
1261007 1261187
1261389 1261514
1261891 1262117
1262515 1262779
1262855 1262980
1263400 1263680
1264079 1264396
1264416 1264550
1264639 1264744
1264839 1264919
1265260 1265462
1265910 1266246
1266430 1266622
1266623 1266694
1266871 1266982
1267072 1267153
1267437 1267634
1268108 1268412
1268832 1269171
1269566 1269853
1270109 1270369
1270818 1271130
1271156 1271252
1271284 1271337
1271367 1271387
1271667 1271860
1271907 1271999
1272119 1272199
1272462 1272626
1272752 1272888
1272907 1272954
1272988 1273012
1273033 1273041
1273191 1273258
1273703 1273936
1274265 1274512
1274959 1275257
1275700 1276032
1276133 1276295
1276672 1276892
1277220 1277466
1277586 1277754
1277923 1278067
1278323 1278477
1278491 1278548
1278864 1279072
1279469 1279760
1279799 1279929
1280048 1280141
1280618 1280884
1281231 1281484
1281698 1281922
1282046 1282160
1282505 1282732
1282786 1282919
1283057 1283176
1283644 1283916
1284341 1284586
1284599 1284661
1285037 1285265
1285603 1285842
1285961 1286141
1286219 1286308
1286457 1286558
1286945 1287194
1287422 1287631
1288014 1288284
1288344 1288462
1288629 1288758
1289169 1289419
1289595 1289764
1289879 1289998
1290256 1290434
1290853 1291133
1291577 1291894
1291976 1292132
1292477 1292737
1293075 1293325
1293693 1293949
1294344 1294667
1294958 1295220
1295622 1295889
1296250 1296513
1296879 1297192
1297627 1297936
1298033 1298162
1298338 1298470
1298757 1298945
1299206 1299380
1299879 1300172
1300307 1300502
1300813 1301031
1301172 1301315
1301583 1301770
1302019 1302237
1302531 1302740
1302844 1302978
1303025 1303120
1303562 1303795
1304116 1304355
1304838 1305205
1305488 1305773
1305782 1305879
1306095 1306250
1306522 1306683
1306930 1307147
1307501 1307754
1308131 1308391
1308440 1308595
1308635 1308685
1309023 1309194
1309482 1309709
1309827 1309964
1310013 1310086
1310298 1310415
1310678 1310855
1310996 1311145
1311233 1311334
1311607 1311782
1312025 1312192
1312409 1312552
1312990 1313299
1313612 1313877
1314174 1314424
1314567 1314726
1314978 1315162
1315619 1315935
1316283 1316576
1316670 1316824
1316975 1317096
1317121 1317170
1317495 1317719
1317811 1317902
1318181 1318339
1318671 1318925
1319093 1319259
1319554 1319749
1320040 1320253
1320569 1320830
1321062 1321270
1321493 1321681
1322108 1322354
1322441 1322542
1322782 1322935
1323231 1323436
1323843 1324142
1324282 1324456
1324791 1325011
1325236 1325443
1325761 1325971
1326101 1326251
1326539 1326745
1326992 1327177
1327267 1327360
1327507 1327605
1327695 1327769
1328161 1328413
1328517 1328618
1329068 1329341
1329580 1329760
1329864 1329988
1330420 1330679
1331011 1331284
1331378 1331522
1331700 1331857
1332175 1332370
1332838 1333164
1333311 1333475
1333758 1333932
1334051 1334181
1334305 1334424
1334494 1334553
1334752 1334857
1334999 1335109
1335524 1335780
1335899 1336042
1336439 1336700
1336985 1337198
1337319 1337447
1337599 1337729
1338094 1338384
1338655 1338905
1339141 1339314
1339696 1339935
1340183 1340356
1340808 1341060
1341490 1341772
1342142 1342417
1342423 1342526
1342934 1343198
1343304 1343463
1343508 1343616
1343644 1343714
1343742 1343811
1344042 1344198
1344585 1344821
1345050 1345267
1345411 1345589
1346017 1346295
1346611 1346868
1346923 1347028
1347206 1347331
1347707 1347952
1348337 1348611
1348636 1348727
1349130 1349367
1349671 1349908
1350226 1350488
1350628 1350768
1350920 1351047
1351543 1351839
1352294 1352649
1353098 1353426
1353452 1353577
1353889 1354113
1354147 1354270
1354569 1354760
1354939 1355094
1355243 1355388
1355585 1355732
1356198 1356505
1356995 1357352
1357520 1357743
1357823 1357952
1358187 1358360
1358756 1359003
1359454 1359780
1360086 1360344
1360462 1360625
1360763 1360866
1361093 1361229
1361640 1361891
1362021 1362160
1362552 1362792
1363025 1363207
1363249 1363327
1363578 1363726
1364026 1364245
1364373 1364518
1364884 1365115
1365317 1365510
1365815 1366027
1366516 1366821
1366867 1367032
1367335 1367558
1367668 1367833
1368100 1368297
1368628 1368854
1368976 1369156
1369433 1369661
1369917 1370121
1370137 1370213
1370302 1370389
1370476 1370538
1370865 1371074
1371289 1371470
1371921 1372234
1372242 1372354
1372680 1372909
1373187 1373420
1373618 1373806
1374179 1374450
1374563 1374759
1374929 1375075
1375530 1375814
1376049 1376276
1376602 1376850
1377268 1377551
1377862 1378152
1378377 1378596
1379000 1379306
1379734 1380038
1380201 1380377
1380825 1381118
1381228 1381403
1381646 1381826
1382286 1382560
1382759 1382985
1383325 1383573
1383716 1383903
1384326 1384627
1384822 1385025
1385240 1385409
1385790 1386047
1386064 1386187
1386446 1386631
1386907 1387063
1387169 1387287
1387525 1387683
1388027 1388261
1388477 1388674
1388873 1389025
1389310 1389506
1389549 1389658
1389981 1390194
1390469 1390702
1390850 1391038
1391494 1391775
1391789 1391895
1392292 1392544
1392829 1393051
1393260 1393459
1393653 1393819
1393948 1394072
1394196 1394297
1394328 1394385
1394532 1394622
1395055 1395282
1395626 1395883
1396013 1396200
1396498 1396705
1397092 1397357
1397492 1397694
1397886 1398060
1398111 1398180
1398369 1398469
1398544 1398639
1398938 1399147
1399360 1399542
1399856 1400051
1400436 1400692
1400705 1400816
1400897 1400986
1401480 1401750
1402226 1402557
1402616 1402737
1402958 1403145
1403182 1403279
1403483 1403603
1404006 1404255
1404540 1404741
1405089 1405288
1405441 1405601
1405845 1406024
1406116 1406231
1406704 1406977
1407282 1407553
1407846 1408073
1408460 1408766
1408816 1408962
1409348 1409582
1409621 1409730
1409993 1410192
1410413 1410644
1410730 1410845
1411325 1411592
1411609 1411727
1412150 1412383
1412606 1412769
1413034 1413223
1413490 1413717
1414096 1414370
1414710 1414981
1415406 1415671
1416058 1416348
1416633 1416912
1417014 1417143
1417544 1417753
1417877 1418021
1418298 1418479
1418610 1418716
1418981 1419155
1419377 1419538
1419834 1420025
1420110 1420227
1420320 1420436
1420896 1421189
1421569 1421896
1421938 1422079
1422516 1422818
1422904 1423055
1423380 1423622
1423770 1423921
1424365 1424624
1425057 1425358
1425402 1425499
1425971 1426289
1426375 1426537
1426647 1426746
1427245 1427529
1427784 1428022
1428397 1428654
1428805 1428963
1429151 1429277
1429285 1429311
1429372 1429413
1429583 1429699
1430019 1430226
1430607 1430915
1431185 1431409
1431556 1431696
1431908 1432047
1432287 1432473
1432921 1433232
1433659 1434007
1434494 1434840
1435340 1435699
1435887 1436092
1436152 1436231
1436241 1436273
1436651 1436839
1437075 1437242
1437317 1437433
1437849 1438114
1438283 1438467
1438518 1438609
1439057 1439306
1439533 1439761
1440202 1440484
1440523 1440642
1441043 1441305
1441579 1441803
1441955 1442118
1442497 1442738
1443058 1443297
1443773 1444089
1444566 1444939
1445111 1445295
1445580 1445779
1446182 1446487
1446665 1446874
1447244 1447457
1447739 1447946
1448077 1448252
1448292 1448397
1448694 1448887
1449346 1449635
1449907 1450175
1450236 1450380
1450425 1450463
1450517 1450563
1450915 1451138
1451185 1451268
1451710 1451969
1452266 1452526
1452947 1453267
1453740 1454072
1454170 1454336
1454821 1455133
1455443 1455709
1455843 1456004
1456403 1456669
1456791 1456898
1457238 1457438
1457673 1457858
1458145 1458338
1458699 1458995
1459246 1459463
1459808 1460084
1460537 1460844
1460941 1461084
1461516 1461766
1462202 1462511
1462622 1462807
1462871 1462952
1463143 1463246
1463404 1463533
1463761 1463925
1464377 1464660
1464797 1464956
1465138 1465294
1465535 1465705
1465997 1466201
1466338 1466486
1466614 1466713
1466972 1467129
1467287 1467387
1467683 1467881
1468031 1468145
1468590 1468859
1469215 1469493
1469919 1470225
1470596 1470892
1471181 1471423
1471814 1472094
1472402 1472663
1472865 1473045
1473510 1473782
1473925 1474065
1474383 1474596
1474825 1474982
1475019 1475121
1475516 1475745
1475910 1476064
1476215 1476338
1476636 1476834
1477289 1477578
1478032 1478357
1478584 1478801
1478929 1479081
1479435 1479673
1479837 1480026
1480141 1480278
1480726 1480971
1481310 1481562
1481576 1481658
1481714 1481785
1482012 1482134
1482457 1482620
1482821 1482981
1483307 1483521
1483693 1483832
1484168 1484398
1484460 1484551
1484850 1485018
1485060 1485126
1485402 1485553
1485923 1486129
1486485 1486705
1487045 1487321
1487631 1487893
1487951 1488070
1488210 1488312
1488418 1488518
1488625 1488673
1488739 1488807
1489047 1489157
1489365 1489532
1489910 1490184
1490294 1490422
1490733 1490933
1490995 1491117
1491262 1491346
1491762 1492005
1492225 1492413
1492669 1492882
1493133 1493310
1493571 1493734
1494072 1494295
1494578 1494817
1495175 1495422
1495650 1495838
1496104 1496288
1496502 1496652
1497000 1497185
1497525 1497748
1497792 1497882
1497952 1498000
1498353 1498560
1498608 1498697
1498759 1498801
1498936 1499077
1499414 1499643
1499904 1500094
1500394 1500622
1500689 1500760
1501099 1501276
1501709 1501954
1502374 1502685
1502741 1502854
1503215 1503412
1503440 1503529
1503605 1503685
1503904 1504047
1504340 1504541
1504934 1505191
1505487 1505723
1505795 1505901
1506400 1506683
1506944 1507168
1507547 1507821
1508313 1508651
1508821 1509047
1509521 1509830
1509869 1510031
1510273 1510447
1510917 1511221
1511527 1511823
1512220 1512522
1512661 1512854
1513125 1513328
1513653 1513878
1514089 1514226
1514400 1514507
1514774 1514945
1515333 1515583
1516067 1516417
1516711 1516972
1517402 1517710
1517987 1518249
1518681 1518997
1519023 1519139
1519327 1519472
1519475 1519555
1519894 1520073
1520373 1520578
1520945 1521208
1521329 1521462
1521503 1521563
1521765 1521886
1521988 1522070
1522365 1522547
1522730 1522859
1523186 1523382
1523483 1523581
1523813 1523968
1524073 1524189
1524291 1524375
1524627 1524772
1524835 1524906
1525035 1525135
1525166 1525237
1525613 1525818
1526139 1526416
1526743 1526947
1527023 1527120
1527486 1527717
1528025 1528257
1528461 1528669
1528743 1528843
1529219 1529426
1529916 1530246
1530568 1530868
1531334 1531713
1531742 1531919
1532001 1532112
1532420 1532584
1532921 1533141
1533178 1533277
1533444 1533546
1533842 1533981
1534381 1534642
1534719 1534844
1534970 1535096
1535373 1535559
1535909 1536194
1536580 1536889
1537061 1537249
1537307 1537435
1537890 1538168
1538526 1538812
1539148 1539404
1539844 1540145
1540478 1540728
1540938 1541163
1541632 1541925
1542401 1542742
1543032 1543286
1543312 1543418
1543675 1543842
1543973 1544137
1544170 1544249
1544475 1544612
1544895 1545097
1545587 1545940
1546284 1546594
1547002 1547296
1547702 1547984
1548109 1548274
1548445 1548573
1549019 1549314
1549750 1550072
1550120 1550229
1550719 1550963
1551317 1551590
1552015 1552320
1552637 1552851
1553175 1553451
1553506 1553634
1554014 1554236
1554512 1554773
1554850 1554969
1555131 1555271
1555515 1555682
1556018 1556221
1556695 1556998
1557475 1557848
1558147 1558438
1558850 1559126
1559366 1559589
1560081 1560423
1560553 1560758
1561166 1561430
1561711 1561999
1562104 1562283
1562298 1562382
1562711 1562914
1563065 1563197
1563260 1563334
1563691 1563912
1563943 1564040
1564226 1564354
1564544 1564685
1565109 1565368
1565634 1565813
1565820 1565886
1565898 1565929
1566277 1566492
1566552 1566636
1566911 1567108
1567352 1567545
1567596 1567708
1567947 1568064
1568498 1568743
1569206 1569508
1569584 1569757
1569990 1570179
1570241 1570375
1570863 1571149
1571577 1571875
1572309 1572627
1573058 1573387
1573636 1573886
1574325 1574619
1574982 1575260
1575627 1575885
1576294 1576595
1576865 1577109
1577325 1577529
1577596 1577704
1578204 1578490
1578656 1578871
1579032 1579195
1579495 1579715
1580199 1580495
1580606 1580760
1580808 1580906
1581013 1581126
1581136 1581152
1581426 1581583
1581615 1581716
1581741 1581821
1582240 1582447
1582615 1582771
1582790 1582839
1583187 1583386
1583610 1583800
1583897 1583983
1584084 1584182
1584599 1584867
1585339 1585645
1585734 1585895
1586071 1586224
1586485 1586687
1587067 1587322
1587441 1587585
1588028 1588288
1588546 1588724
1589035 1589255
1589529 1589756
1590163 1590462
1590661 1590871
1591250 1591537
1591696 1591833
1592247 1592506
1592710 1592880
1593243 1593474
1593689 1593902
1594321 1594586
1594787 1594966
1595320 1595549
1595813 1596026
1596379 1596647
1596767 1596893
1597257 1597478
1597903 1598201
1598203 1598313
1598322 1598337
1598671 1598838
1599297 1599602
1600056 1600384
1600486 1600639
1601078 1601362
1601859 1602197
1602495 1602735
1602862 1602999
1603244 1603397
1603846 1604119
1604339 1604540
1604944 1605188
1605524 1605782
1606126 1606409
1606430 1606531
1606788 1606960
1607258 1607452
1607477 1607541
1607873 1608066
1608505 1608800
1609201 1609499
1609865 1610154
1610241 1610380
1610464 1610569
1610834 1611040
1611333 1611557
1611751 1611909
1612304 1612552
1612668 1612823
1613310 1613600
1613980 1614254
1614721 1615050
1615365 1615631
1615734 1615846
1616179 1616375
1616393 1616462
1616830 1617050
1617098 1617204
1617409 1617577
1618055 1618393
1618658 1618889
1619223 1619515
1619644 1619815
1620257 1620555
1620958 1621239
1621698 1622036
1622052 1622192
1622671 1623016
1623151 1623340
1623728 1624024
1624046 1624173
1624469 1624659
1624729 1624821
1624928 1624977
1625148 1625263
1625426 1625556
1626022 1626325
1626565 1626785
1626872 1626982
1627433 1627710
1628158 1628482
1628723 1628931
1629388 1629671
1629948 1630194
1630326 1630482
1630817 1631075
1631359 1631622
1631783 1631959
1632099 1632204
1632590 1632810
1632857 1632952
1633391 1633650
1633766 1633886
1634144 1634315
1634788 1635083
1635449 1635737
1635798 1635961
1636336 1636591
1636824 1637020
1637368 1637589
1637920 1638128
1638412 1638630
1639008 1639292
1639740 1640065
1640470 1640801
1640933 1641116
1641325 1641497
1641657 1641795
1642049 1642226
1642635 1642894
1643380 1643724
1644033 1644317
1644572 1644821
1645067 1645298
1645680 1645947
1646419 1646768
1646832 1646968
1647455 1647776
1648035 1648293
1648672 1648919
1649216 1649454
1649799 1650057
1650430 1650700
1650806 1650960
1651070 1651163
1651373 1651501
1651935 1652194
1652218 1652334
1652795 1653078
1653248 1653440
1653717 1653888
1654160 1654354
1654802 1655103
1655585 1655921
1656173 1656391
1656858 1657155
1657464 1657698
1657877 1658043
1658136 1658258
1658392 1658476
1658565 1658658
1658902 1659054
1659440 1659673
1660026 1660274
1660551 1660773
1661232 1661528
1661750 1661958
1662147 1662285
1662633 1662829
1663093 1663308
1663420 1663557
1664026 1664326
1664558 1664778
1665194 1665507
1665777 1666019
1666031 1666119
1666405 1666584
1666637 1666739
1666743 1666784
1667000 1667136
1667619 1667895
1668092 1668287
1668446 1668585
1668803 1668954
1669215 1669414
1669732 1669971
1670121 1670263
1670454 1670565
1671038 1671349
1671690 1671978
1672354 1672636
1672791 1672972
1673378 1673650
1673795 1673955
1674117 1674260
1674344 1674471
1674820 1675066
1675199 1675352
1675745 1676003
1676129 1676241
1676247 1676306
1676674 1676875
1676984 1677111
1677545 1677805
1678082 1678311
1678488 1678680
1679072 1679328
1679766 1680049
1680234 1680432
1680517 1680625
1680770 1680865
1681358 1681645
1682060 1682385
1682705 1682958
1683204 1683400
1683794 1684029
1684250 1684459
1684797 1685011
1685044 1685133
1685317 1685440
1685712 1685881
1686378 1686687
1686865 1687015
1687113 1687225
1687420 1687556
1687863 1688085
1688232 1688364
1688468 1688543
1689026 1689273
1689661 1689913
1690146 1690353
1690411 1690504
1690815 1691017
1691249 1691454
1691806 1692056
1692325 1692562
1692825 1693045
1693497 1693825
1694116 1694360
1694641 1694853
1694855 1694948
1695104 1695187
1695588 1695856
1696109 1696328
1696731 1696998
1697134 1697316
1697768 1698073
1698124 1698263
1698431 1698508
1698700 1698829
1698871 1698951
1698993 1699074
1699533 1699790
1700078 1700330
1700432 1700578
1701043 1701350
1701565 1701791
1702036 1702213
1702434 1702612
1703092 1703390
1703513 1703706
1703904 1704079
1704374 1704580
1704956 1705218
1705394 1705549
1705885 1706087
1706315 1706471
1706962 1707241
1707632 1707908
1708009 1708167
1708413 1708617
1708941 1709155
1709201 1709335
1709504 1709645
1709975 1710184
1710225 1710318
1710415 1710502
1710719 1710859
1711312 1711616
1711750 1711919
1711930 1711980
1712177 1712279
1712481 1712607
1712898 1713073
1713568 1713878
1714356 1714722
1715025 1715286
1715548 1715764
1715830 1715941
1715996 1716059
1716099 1716149
1716562 1716793
1717039 1717241
1717730 1718052
1718173 1718329
1718567 1718755
1719006 1719196
1719614 1719924
1720281 1720549
1720980 1721313
1721487 1721690
1721928 1722070
1722243 1722321
1722459 1722548
1722675 1722760
1722804 1722854
1723305 1723524
1723852 1724092
1724295 1724487
1724842 1725089
1725479 1725769
1726075 1726356
1726696 1726955
1727341 1727625
1727632 1727740
1728181 1728450
1728748 1729012
1729312 1729571
1729888 1730171
1730344 1730516
1730646 1730776
1730907 1731030
1731075 1731126
1731556 1731807
1731865 1731993
1732138 1732251
1732296 1732343
1732580 1732740
1733064 1733289
1733376 1733502
1733610 1733725
1734129 1734399
1734621 1734840
1735262 1735547
1735769 1736005
1736076 1736199
1736571 1736826
1737020 1737219
1737306 1737406
1737635 1737788
1737893 1738000
1738151 1738267
1738633 1738870
1739323 1739622
1739685 1739802
1740088 1740264
1740397 1740547
1740719 1740853
1740972 1741059
1741138 1741217
1741233 1741279
1741354 1741390
1741666 1741854
1742331 1742668
1743078 1743410
1743804 1744112
1744444 1744754
1744807 1744912
1745106 1745253
1745264 1745347
1745449 1745566
1745688 1745778
1746038 1746229
1746713 1747032
1747323 1747585
1748074 1748438
1748522 1748684
1748729 1748837
1749022 1749163
1749250 1749330
1749747 1749994
1750148 1750352
1750713 1750965
1751129 1751315
1751432 1751545
1751813 1751985
1752386 1752669
1752956 1753220
1753586 1753826
1754135 1754406
1754864 1755206
1755383 1755577
1756073 1756420
1756675 1756913
1757182 1757386
1757620 1757808
1758290 1758565
1758731 1758943
1759364 1759653
1759959 1760239
1760459 1760657
1760999 1761234
1761241 1761336
1761691 1761873
1762243 1762505
1762939 1763251
1763373 1763557
1763786 1763979
1764188 1764375
1764525 1764664
1764972 1765213
1765573 1765837
1765851 1765958
1766206 1766385
1766649 1766862
1767356 1767677
1768044 1768342
1768791 1769142
1769315 1769529
1769628 1769737
1769914 1770077
1770565 1770860
1770950 1771082
1771203 1771292
1771409 1771503
1771541 1771598
1771652 1771691
1771908 1772014
1772040 1772111
1772138 1772189
1772506 1772674
1773091 1773356
1773750 1774039
1774498 1774834
1775128 1775409
1775532 1775696
1776151 1776438
1776722 1776920
1777253 1777518
1777699 1777885
1777999 1778124
1778228 1778301
1778386 1778441
1778615 1778741
1779203 1779454
1779456 1779530
1779747 1779888
1779998 1780101
1780283 1780421
1780586 1780692
1780880 1780977
1781311 1781523
1781886 1782135
1782377 1782580
1782857 1783043
1783542 1783836
1783992 1784214
1784381 1784558
1784910 1785183
1785476 1785711
1786021 1786217
1786613 1786845
1787270 1787581
1787896 1788169
1788477 1788752
1789199 1789508
1789892 1790169
1790198 1790291
1790361 1790424
1790701 1790830
1790919 1790984
1791243 1791371
1791597 1791745
1792163 1792431
1792614 1792773
1792941 1793097
1793182 1793286
1793707 1793948
1793992 1794101
1794123 1794204
1794633 1794872
1794941 1795083
1795314 1795448
1795850 1796086
1796448 1796704
1797104 1797397
1797633 1797901
1798306 1798632
1798708 1798871
1799224 1799443
1799767 1800040
1800257 1800496
1800821 1801115
1801120 1801149
1801401 1801558
1802001 1802297
1802389 1802558
1802979 1803233
1803562 1803836
1804268 1804571
1805012 1805327
1805543 1805783
1805956 1806138
1806439 1806638
1806663 1806728
1806875 1806968
1807231 1807388
1807773 1808050
1808281 1808513
1808582 1808707
1809081 1809322
1809416 1809533
1809992 1810282
1810367 1810508
1810858 1811071
1811111 1811229
1811265 1811304
1811790 1812029
1812052 1812164
1812496 1812661
1812900 1813056
1813126 1813256
1813680 1813923
1813969 1814037
1814373 1814565
1814973 1815220
1815522 1815756
1816040 1816266
1816317 1816466
1816809 1817047
1817535 1817850
1817959 1818162
1818314 1818485
1818974 1819283
1819394 1819586
1819788 1819934
1820426 1820718
1821187 1821485
1821598 1821799
1821920 1822042
1822162 1822295
1822601 1822800
1822967 1823111
1823500 1823775
1824159 1824435
1824627 1824830
1824845 1824926
1825367 1825612
1825911 1826158
1826567 1826846
1827240 1827523
1827989 1828305
1828712 1829006
1829294 1829550
1829813 1830029
1830484 1830783
1830959 1831170
1831248 1831341
1831451 1831579
1831718 1831827
1832216 1832430
1832497 1832609
1832733 1832828
1832989 1833066
1833547 1833809
1833905 1834054
1834178 1834310
1834516 1834643
1835120 1835402
1835475 1835599
1836063 1836357
1836377 1836462
1836839 1837074
1837276 1837455
1837557 1837678
1838060 1838311
1838727 1839041
1839187 1839382
1839567 1839776
1839808 1839899
1840179 1840360
1840407 1840485
1840716 1840847
1841077 1841219
1841658 1841937
1842332 1842655
1842737 1842885
1843306 1843558
1843633 1843813
1843980 1844121
1844567 1844838
1844968 1845114
1845289 1845428
1845692 1845833
1846320 1846603
1847069 1847393
1847613 1847837
1848255 1848566
1849035 1849376
1849520 1849699
1849859 1849996
1850190 1850340
1850790 1851088
1851421 1851689
1852171 1852513
1852712 1852927
1853242 1853487
1853883 1854165
1854271 1854394
1854871 1855151
1855210 1855345
1855730 1855989
1856078 1856247
1856376 1856511
1856753 1856925
1857148 1857297
1857544 1857745
1857981 1858168
1858634 1858908
1859082 1859280
1859564 1859740
1859776 1859887
1859992 1860106
1860217 1860291
1860640 1860801
1860977 1861136
1861439 1861689
1861800 1861932
1862166 1862342
1862613 1862798
1862959 1863127
1863602 1863920
1864154 1864377
1864501 1864632
1864916 1865085
1865530 1865809
1865969 1866135
1866203 1866295
1866612 1866806
1866960 1867094
1867531 1867819
1867992 1868177
1868411 1868597
1868859 1869026
1869382 1869618
1870075 1870355
1870806 1871127
1871613 1871969
1872292 1872588
1872651 1872787
1873081 1873255
1873360 1873436
1873560 1873629
1873846 1873954
1874205 1874351
1874543 1874695
1875190 1875515
1875719 1875919
1876385 1876683
1876804 1876961
1876976 1877044
1877528 1877817
1878206 1878514
1878710 1878920
1879211 1879439
1879496 1879623
1879672 1879703
1879821 1879918
1880013 1880093
1880288 1880419
1880461 1880502
1880962 1881201
1881323 1881473
1881628 1881731
1881843 1881926
1882407 1882676
1882685 1882767
1883088 1883282
1883722 1884019
1884221 1884425
1884864 1885145
1885351 1885575
1885897 1886142
1886208 1886310
1886393 1886478
1886709 1886840
1887133 1887299
1887768 1888049
1888383 1888643
1888674 1888785
1889100 1889285
1889491 1889685
1890042 1890276
1890352 1890433
1890696 1890844
1891297 1891610
1891747 1891929
1892144 1892323
1892755 1893009
1893182 1893362
1893697 1893919
1894318 1894568
1894764 1894940
1895009 1895092
1895169 1895245
1895606 1895819
1896100 1896312
1896496 1896625
1896700 1896784
1897117 1897315
1897326 1897391
1897869 1898135
1898536 1898824
1899248 1899539
1899775 1900032
1900224 1900412
1900811 1901098
1901118 1901199
1901696 1901962
1902305 1902578
1903030 1903386
1903668 1903953
1903954 1904026
1904272 1904441
1904880 1905181
1905337 1905526
1905880 1906089
1906430 1906673
1906808 1906961
1907315 1907567
1908042 1908361
1908701 1908969
1909221 1909474
1909574 1909657
1909916 1910046
1910494 1910742
1911001 1911234
1911453 1911641
1911991 1912252
1912659 1912954
1913438 1913808
1913889 1914056
1914340 1914534
1914553 1914630
1914815 1914958
1915355 1915584
1915910 1916111
1916540 1916803
1917157 1917398
1917481 1917641
1917904 1918097
1918595 1918891
1919073 1919264
1919671 1919936
1920297 1920551
1920818 1921056
1921538 1921867
1921892 1922024
1922140 1922238
1922352 1922441
1922547 1922653
1922757 1922869
1923273 1923508
1923904 1924174
1924331 1924528
1924532 1924581
1924650 1924687
1925119 1925355
1925588 1925759
1925769 1925817
1925851 1925879
1925908 1925909
1926314 1926527
1926662 1926778
1927112 1927321
1927563 1927778
1928180 1928458
1928834 1929108
1929226 1929387
1929562 1929691
1929913 1930085
1930329 1930507
1930703 1930876
1931206 1931406
1931802 1932074
1932352 1932616
1932905 1933161
1933649 1933961
1934047 1934220
1934641 1934940
1935380 1935691
1935697 1935813
1935929 1936039
1936213 1936324
1936495 1936629
1936694 1936760
1937040 1937179
1937566 1937813
1937988 1938133
1938183 1938256
1938659 1938876
1939039 1939214
1939393 1939570
1939598 1939664
1940154 1940410
1940752 1941020
1941505 1941877
1942110 1942356
1942478 1942620
1942825 1942989
1943165 1943306
1943763 1944001
1944329 1944588
1944671 1944792
1944935 1945049
1945191 1945305
1945468 1945595
1945648 1945699
1945806 1945871
1946303 1946566
1946980 1947274
1947627 1947912
1948217 1948470
1948856 1949110
1949357 1949586
1949762 1949911
1950269 1950508
1951006 1951325
1951675 1951978
1952208 1952437
1952491 1952625
1953097 1953362
1953619 1953823
1954174 1954425
1954849 1955146
1955432 1955700
1955931 1956114
1956339 1956498
1956581 1956642
1957076 1957317
1957573 1957806
1958232 1958564
1958940 1959244
1959582 1959847
1960167 1960439
1960782 1961077
1961292 1961502
1961595 1961742
1962022 1962179
1962260 1962353
1962727 1962939
1963229 1963438
1963696 1963970
1964035 1964172
1964348 1964486
1964788 1964995
1965433 1965732
1965930 1966128
1966563 1966886
1966908 1967049
1967196 1967326
1967744 1968015
1968423 1968737
1969009 1969251
1969536 1969766
1970175 1970469
1970625 1970771
1970878 1970973
1971151 1971328
1971631 1971886
1972307 1972593
1972815 1973033
1973241 1973402
1973414 1973470
1973707 1973875
1974170 1974355
1974741 1975001
1975346 1975611
1975810 1975995
1976163 1976322
1976703 1976954
1977363 1977654
1977859 1978059
1978397 1978671
1979069 1979360
1979415 1979516
1979589 1979669
1980099 1980359
1980451 1980592
1980865 1981026
1981126 1981216
1981568 1981810
1981984 1982142
1982414 1982609
1982859 1983022
1983515 1983794
1984174 1984461
1984659 1984869
1985139 1985345
1985615 1985794
1985893 1985994
1986076 1986175
1986224 1986274
1986459 1986549
1986911 1987151
1987296 1987457
1987594 1987726
1987742 1987784
1988228 1988445
1988712 1988907
1989057 1989198
1989627 1989891
1990383 1990719
1990881 1991084
1991472 1991735
1992214 1992542
1992758 1993001
1993315 1993550
1994017 1994345
1994722 1995031
1995512 1995855
1996348 1996707
1996765 1996909
1997101 1997260
1997609 1997841
1998043 1998235
1998438 1998588
1998924 1999129
1999506 1999773
1999857 1999991
2000221 2000368
2000532 2000692
2001079 2001339
2001418 2001536
2001976 2002207
2002501 2002739
2003003 2003217
2003581 2003821
2004214 2004518
2004658 2004844
2004858 2004915
2005079 2005190
2005334 2005457
2005724 2005923
2006209 2006429
2006593 2006775
2007060 2007273
2007532 2007713
2007884 2008016
2008424 2008671
2008963 2009191
2009563 2009822
2010261 2010575
2010642 2010800
2011236 2011467
2011562 2011697
2011832 2011932
2012359 2012603
2012625 2012710
2013011 2013199
2013673 2013997
2014180 2014393
2014604 2014786
2014876 2014999
2015177 2015323
2015335 2015394
2015833 2016105
2016502 2016802
2017191 2017501
2017958 2018295
2018431 2018597
2018743 2018900
2019298 2019555
2019710 2019866
2020347 2020687
2020848 2021058
2021262 2021417
2021509 2021593
2021959 2022148
2022613 2022903
2023331 2023609
2023776 2023936
2024410 2024707
2024915 2025142
2025340 2025548
2025646 2025749
2025863 2025958
2026033 2026145
2026389 2026558
2026682 2026797
2026884 2026940
2027052 2027151
2027419 2027591
2028075 2028373
2028483 2028621
2028924 2029128
2029355 2029525
2029793 2030004
2030063 2030195
2030631 2030884
2031187 2031387
2031646 2031837
2031852 2031902
2032079 2032185
2032372 2032458
2032686 2032833
2033231 2033447
2033902 2034222
2034335 2034494
2034750 2034945
2035305 2035501
2035890 2036175
2036467 2036702
2036732 2036831
2037297 2037614
2038018 2038344
2038812 2039177
2039421 2039637
2039975 2040201
2040309 2040474
2040485 2040553
2040861 2041074
2041250 2041432
2041866 2042106
2042150 2042235
2042476 2042632
2042962 2043186
2043659 2043953
2044309 2044604
2044785 2044954
2045277 2045509
2045880 2046135
2046403 2046659
2047139 2047468
2047529 2047696
2047725 2047821
2048225 2048456
2048696 2048878
2049117 2049309
2049488 2049656
2049803 2049916
2050298 2050501
2050967 2051279
2051390 2051559
2051991 2052269
2052671 2052960
2053123 2053306
2053309 2053417
2053751 2053957
2054391 2054633
2054641 2054719
2054933 2055064
2055285 2055479
2055598 2055730
2056134 2056362
2056446 2056562
2057048 2057346
2057391 2057529
2057928 2058198
2058570 2058870
2059284 2059573
2059914 2060183
2060458 2060693
2060733 2060829
2060923 2060981
2061085 2061133
2061481 2061671
2061793 2061935
2062299 2062526
2062817 2063044
2063246 2063448
2063834 2064085
2064195 2064323
2064459 2064579
2064910 2065140
2065452 2065697
2065969 2066222
2066575 2066837
2067239 2067567
2067714 2067880
2067955 2068067
2068182 2068299
2068442 2068584
2068988 2069270
2069359 2069515
2069915 2070200
2070429 2070675
2071147 2071457
2071743 2071990
2072150 2072283
2072738 2073011
2073325 2073591
2073901 2074158
2074569 2074878
2075136 2075360
2075840 2076154
2076392 2076595
2076848 2077063
2077471 2077785
2078118 2078415
2078750 2079028
2079229 2079453
2079532 2079630
2079932 2080136
2080228 2080343
2080354 2080363
2080717 2080866
2080911 2081003
2081166 2081271
2081487 2081623
2081840 2081994
2082153 2082300
2082781 2083067
2083191 2083376
2083780 2084071
2084444 2084757
2084793 2084918
2085032 2085101
2085545 2085776
2086107 2086362
2086533 2086749
2086816 2086898
2087263 2087461
2087590 2087715
2087804 2087899
2087980 2088052
2088491 2088755
2088986 2089202
2089411 2089587
2089968 2090237
2090444 2090645
2090869 2091062
2091483 2091764
2091782 2091885
2092312 2092541
2092876 2093136
2093266 2093412
2093839 2094143
2094454 2094720
2094805 2094919
2095110 2095244
2095385 2095518
2095606 2095700
2095905 2096062
2096064 2096118
2096517 2096775
2096879 2097022
2097303 2097511
2097685 2097857
2098291 2098571
2099005 2099308
2099687 2100018
2100376 2100654
2101057 2101311
2101495 2101648
2102057 2102280
2102487 2102666
2102806 2102936
2103292 2103532
2103989 2104283
2104561 2104845
2105075 2105293
2105746 2106073
2106076 2106148
2106196 2106217
2106363 2106437
2106444 2106471
2106675 2106773
2106851 2106915
2107003 2107087
2107484 2107742
2108136 2108430
2108439 2108562
2108967 2109215
2109415 2109621
2110012 2110292
2110593 2110840
2111140 2111383
2111782 2112043
2112427 2112695
2113193 2113537
2113831 2114083
2114150 2114314
2114716 2115005
2115083 2115213
2115443 2115646
2115920 2116102
2116591 2116892
2116913 2117027
2117118 2117206
2117686 2117946
2118152 2118356
2118829 2119113
2119154 2119261
2119536 2119705
2120118 2120380
2120784 2121085
2121279 2121491
2121549 2121633
2121661 2121719
2122033 2122204
2122322 2122437
2122915 2123177
2123508 2123792
2123948 2124121
2124215 2124364
2124635 2124811
2125040 2125231
2125487 2125695
2126108 2126374
2126392 2126475
2126702 2126843
2126913 2126996
2127413 2127638
2127696 2127792
2128004 2128143
2128535 2128780
2128834 2128969
2129329 2129572
2129987 2130304
2130640 2130930
2131107 2131282
2131514 2131698
2132010 2132215
2132346 2132520
2132789 2132989
2133108 2133247
2133529 2133749
2134046 2134247
2134730 2135042
2135522 2135853
2136339 2136726
2137078 2137387
2137741 2138016
2138227 2138420
2138703 2138936
2139239 2139476
2139605 2139754
2140105 2140353
2140810 2141105
2141156 2141274
2141486 2141632
2141647 2141692
2142020 2142162
2142250 2142319
2142484 2142595
2142692 2142744
2143067 2143278
2143457 2143637
2143709 2143829
2144220 2144491
2144499 2144613
2144655 2144709
2144777 2144815
2144924 2144987
2145073 2145156
2145325 2145467
2145619 2145705
2145762 2145828
2146179 2146360
2146435 2146516
2146700 2146838
2147179 2147369
2147761 2148015
2148217 2148402
2148430 2148490
2148532 2148613
2148892 2149059
2149304 2149505
2149813 2150059
2150495 2150759
2151184 2151452
2151616 2151819
2152167 2152387
2152786 2153060
2153337 2153567
2153950 2154226
2154461 2154687
2155037 2155251
2155567 2155803
2156060 2156296
2156699 2156996
2157434 2157760
2158016 2158256
2158297 2158394
2158445 2158510
2158870 2159058
2159190 2159301
2159714 2159962
2160376 2160679
2161001 2161251
2161296 2161404
2161674 2161868
2162332 2162629
2162779 2162956
2163093 2163246
2163531 2163733
2164224 2164550
2164869 2165125
2165214 2165376
2165553 2165754
2166235 2166547
2166571 2166673
2167156 2167419
2167566 2167734
2167958 2168135
2168358 2168523
2168966 2169223
2169479 2169681
2169761 2169864
2169943 2170006
2170417 2170644
2170695 2170814
2170853 2170922
2171410 2171665
2171704 2171827
2172005 2172140
2172187 2172226
2172394 2172505
2172869 2173034
2173160 2173297
2173679 2173890
2174386 2174721
2175097 2175429
2175516 2175695
2175792 2175874
2175932 2175983
2176014 2176050
2176155 2176224
2176450 2176595
2176611 2176694
2177110 2177340
2177399 2177524
2177644 2177740
2177857 2177952
2178119 2178246
2178558 2178742
2178997 2179191
2179516 2179709
2180106 2180396
2180713 2180985
2181095 2181264
2181519 2181713
2182017 2182255
2182404 2182577
2183048 2183318
2183362 2183473
2183657 2183785
2183936 2184083
2184389 2184616
2184628 2184726
2184964 2185115
2185540 2185807
2185990 2186150
2186345 2186513
2186711 2186868
2187207 2187399
2187423 2187512
2187560 2187638
2187718 2187796
2188032 2188141
2188333 2188479
2188819 2189031
2189425 2189675
2189969 2190172
2190203 2190288
2190497 2190638
2190900 2191062
2191189 2191291
2191709 2191960
2191996 2192127
2192471 2192689
2192910 2193098
2193208 2193354
2193833 2194118
2194528 2194837
2195108 2195348
2195593 2195780
2196239 2196528
2196585 2196705
2196978 2197147
2197413 2197615
2198108 2198432
2198625 2198795
2199131 2199332
2199760 2200044
2200296 2200523
2200967 2201261
2201339 2201502
2201738 2201899
2202381 2202659
2202736 2202881
2203176 2203392
2203757 2204049
2204141 2204290
2204538 2204749
2205006 2205213
2205550 2205814
2206075 2206282
2206555 2206766
2207149 2207418
2207465 2207593
2207948 2208172
2208493 2208738
2208834 2208976
2209270 2209462
2209910 2210234
2210481 2210704
2211111 2211393
2211709 2211983
2212130 2212286
2212684 2212939
2213314 2213593
2213853 2214084
2214354 2214573
2214863 2215068
2215508 2215820
2215958 2216145
2216307 2216492
2216983 2217277
2217293 2217407
2217650 2217811
2217938 2218044
2218095 2218174
2218661 2218906
2219172 2219408
2219649 2219845
2219911 2220005
2220409 2220632
2220723 2220866
2221106 2221258
2221467 2221629
2222028 2222238
2222627 2222886
2223031 2223232
2223577 2223833
2224221 2224519
2224730 2224927
2225218 2225457
2225714 2225920
2225988 2226108
2226480 2226709
2226759 2226899
2227159 2227293
2227607 2227811
2228295 2228617
2228987 2229274
2229427 2229573
2229864 2230060
2230204 2230370
2230779 2231026
2231307 2231508
2231990 2232299
2232619 2232847
2233285 2233537
2233648 2233778
2234142 2234374
2234863 2235195
2235415 2235660
2236060 2236343
2236737 2237065
2237501 2237856
2238231 2238531
2238749 2238938
2239127 2239317
2239572 2239758
2240125 2240363
2240486 2240607
2240782 2240887
2240981 2241072
2241191 2241265
2241570 2241714
2241726 2241772
2241915 2241971
2242309 2242474
2242851 2243086
2243303 2243513
2243846 2244104
2244372 2244624
2244640 2244734
2245135 2245378
2245605 2245813
2246117 2246358
2246706 2246976
2247268 2247499
2247615 2247737
2247927 2248092
2248208 2248322
2248596 2248786
2249236 2249505
2249843 2250103
2250155 2250236
2250707 2250982
2251231 2251432
