255 615
981 1323
1709 1874
2254 2435
2661 3012
3118 3456
3882 4056
4345 4526
5021 5359
5411 5736
6017 6205
6301 6499
6605 6930
7226 7537
7932 8125
8350 8555
8787 9095
9457 9761
10260 10472
10771 10980
11281 11570
11822 12125
12604 12830
13094 13308
13469 13742
13942 14230
14625 14862
15115 15352
15541 15803
16125 16384
16425 16683
16906 17153
17506 17751
17909 18177
18358 18626
18980 19235
19697 19935
20267 20507
20754 21024
21102 21378
21385 21643
21890 22121
22327 22574
22784 23067
23218 23497
23902 24127
24211 24446
24531 24816
25282 25560
25745 25975
26113 26337
26545 26825
27117 27417
27628 27860
28343 28558
28609 28899
28913 29207
29218 29449
29849 30060
30241 30511
30642 30941
30977 31224
31316 31533
32031 32285
32764 33060
33208 33476
33659 33887
34021 34262
34748 35024
35497 35789
36078 36315
36686 36897
37019 37300
37414 37719
37777 37996
38293 38501
38713 39008
39173 39472
39879 40094
40447 40675
41079 41365
41405 41688
41749 41975
42468 42701
43108 43384
43474 43754
44094 44349
44541 44779
44949 45206
45354 45624
46045 46308
46498 46732
47190 47448
47453 47731
47871 48125
48304 48543
48798 49053
49287 49548
50031 50292
50652 50892
51164 51424
51539 51804
52104 52346
52567 52811
52999 53279
53308 53578
53961 54193
54347 54592
54890 55170
55242 55500
55972 56192
56506 56760
56844 57126
57356 57615
57906 58146
58445 58710
59077 59346
59574 59814
59896 60133
60622 60889
61166 61435
61625 61878
61939 62192
62691 62950
63163 63422
63753 64006
64077 64325
64503 64755
65226 65480
65883 66140
66240 66502
66896 67145
67247 67499
67751 68008
68280 68533
68681 68923
69109 69375
69735 70008
70363 70613
71111 71359
71704 71972
72034 72307
72332 72581
72915 73145
73177 73448
73618 73893
73897 74155
74507 74757
75007 75270
75633 75884
76209 76472
76550 76807
77022 77283
77634 77888
77977 78227
78484 78747
79043 79316
79389 79652
80031 80268
80726 80972
81196 81489
81510 81779
82036 82257
82576 82827
82952 83249
83486 83740
84156 84372
84482 84733
84946 85241
85690 85944
86287 86520
86701 86957
87089 87365
87714 87965
88312 88536
88686 88941
88952 89237
89601 89848
90213 90444
90733 91009
91216 91488
91718 91963
92332 92570
92600 92860
93189 93469
93577 93823
94079 94304
94553 94815
94823 95106
95259 95508
95896 96126
96528 96796
97207 97480
97860 98094
98114 98353
98597 98874
99280 99565
99695 99942
100023 100249
100286 100550
100728 101012
101114 101361
101695 101914
102075 102339
102482 102779
102835 103087
103544 103758
104254 104512
104872 105157
105445 105708
105939 106162
106471 106714
107008 107291
107644 107924
108156 108393
108439 108678
109045 109317
109576 109836
110284 110524
110990 111240
111501 111773
111832 112090
112449 112699
112964 113217
113664 113924
114405 114671
114682 114936
115246 115488
115519 115801
116040 116305
116448 116679
117001 117252
117372 117657
118156 118411
118799 119033
119106 119364
119798 120074
120442 120704
121000 121234
121372 121620
121625 121901
122090 122360
122471 122714
122851 123086
123570 123850
124169 124441
124811 125040
125314 125555
125715 125996
126340 126608
126712 126958
127152 127394
127815 128090
128109 128378
128409 128654
128897 129151
129194 129456
129673 129934
129937 130180
130559 130806
130889 131163
131184 131449
131843 132082
132554 132803
133280 133538
133921 134177
134368 134610
134688 134942
135162 135436
135911 136174
136539 136775
137102 137352
137461 137740
137811 138072
138102 138326
138696 138947
139326 139623
139666 139934
140021 140235
140507 140747
140962 141259
141695 141969
141983 142207
142636 142866
142924 143213
143322 143599
144028 144260
144542 144785
145193 145470
145806 146072
146393 146626
147021 147253
147601 147875
148272 148553
148623 148851
149244 149485
149948 150220
150522 150788
151236 151471
151848 152086
152455 152730
153131 153391
153864 154100
154512 154755
154878 155146
155473 155738
155851 156118
156457 156717
156731 156988
157030 157266
157511 157764
158158 158442
158887 159148
159622 159866
160252 160515
160661 160927
161004 161248
161576 161824
161928 162205
162474 162738
163066 163311
163811 164055
164398 164663
164697 164960
165248 165489
165743 165995
166375 166653
166913 167189
167616 167853
168120 168355
168686 168958
169241 169521
169819 170061
170222 170461
170754 171023
171411 171688
171837 172086
172136 172371
172832 173089
173123 173405
173834 174100
174254 174481
174815 175061
175071 175342
175405 175670
175763 176019
176021 176264
176711 176962
177053 177324
177777 178035
178439 178689
179071 179320
179772 180030
180174 180436
180452 180706
181009 181265
181485 181746
182181 182435
182909 183171
183349 183609
183636 183881
184049 184299
184338 184614
184941 185208
185485 185717
185811 186051
186432 186717
186992 187268
187387 187624
187730 187971
188131 188412
188695 188966
189059 189294
189406 189643
189930 190208
190650 190914
191153 191383
191667 191920
192397 192678
193024 193285
193583 193817
194207 194451
194686 194954
195388 195657
196148 196398
196703 196948
197114 197384
197878 198141
198596 198850
198955 199204
199444 199697
200180 200435
200539 200794
200896 201146
201548 201799
201850 202111
202484 202738
202758 203011
203156 203419
203747 204016
204074 204323
204654 204906
205077 205348
205830 206091
206515 206759
207122 207365
207608 207872
208044 208324
208424 208676
209058 209295
209576 209838
210252 210535
210887 211132
211258 211512
211957 212220
212466 212746
213121 213381
213519 213754
214109 214363
214569 214851
215185 215440
215447 215674
216011 216267
216711 216993
217194 217452
217541 217784
218222 218478
218693 218963
219169 219420
219802 220045
220504 220772
220973 221237
221351 221597
222052 222302
222704 222973
223083 223344
223633 223881
224014 224267
224757 225019
225255 225521
225972 226228
226265 226511
226614 226874
227359 227613
227684 227931
228140 228390
228688 228956
229256 229520
229801 230048
230148 230402
230561 230833
231278 231539
232028 232275
232620 232875
233008 233267
233542 233801
233971 234230
234575 234830
235158 235410
235695 235954
236313 236558
236996 237241
237260 237534
237919 238179
238390 238634
239127 239369
239417 239691
239882 240150
240362 240599
240984 241236
241377 241656
241781 242037
242302 242539
242786 243043
243221 243488
243597 243856
244208 244463
244633 244884
244960 245215
245629 245900
246372 246628
246886 247126
247184 247444
247465 247733
247804 248053
248196 248438
248648 248900
249280 249546
249656 249917
249970 250216
250465 250710
251102 251381
251777 252035
252458 252693
253169 253435
253894 254167
254533 254778
254883 255119
255504 255779
256263 256528
256888 257140
257205 257449
257870 258134
258483 258741
259093 259345
259787 260033
260321 260585
260760 261036
261315 261556
261947 262180
262230 262501
262752 263028
263201 263459
263857 264091
264220 264487
264541 264819
265295 265544
265978 266222
266284 266543
266546 266815
267240 267500
267604 267843
268293 268536
268931 269198
269252 269519
269654 269898
270229 270478
270605 270865
271355 271620
271782 272029
272178 272426
272472 272746
272914 273179
273477 273719
273728 273989
274426 274697
274721 274972
275184 275430
275670 275924
276002 276263
276701 276956
277147 277392
277732 277988
278400 278667
278687 278939
279372 279620
279657 279913
280108 280374
280491 280736
281170 281413
281578 281854
282223 282503
282953 283189
283531 283768
283911 284189
284372 284659
284782 285026
285038 285267
285397 285666
286108 286396
286804 287045
287223 287459
287763 288026
288353 288641
288795 289043
289271 289499
289892 290155
290271 290556
290908 291159
291385 291623
291836 292095
292426 292694
292948 293195
293398 293638
293764 294044
294109 294387
294556 294786
294913 295150
295356 295641
295853 296132
296261 296494
296522 296750
296988 297264
297415 297694
297837 298064
298377 298613
298635 298908
299130 299404
299800 300035
300321 300560
300796 301078
301492 301767
301866 302102
302339 302588
302793 303070
303125 303384
303800 304038
304217 304481
304554 304834
304906 305153
305229 305456
305533 305793
305906 306182
306627 306884
307036 307275
307455 307701
308133 308411
308452 308722
308795 309038
309341 309600
309700 309968
310051 310313
310373 310623
310783 311025
311350 311623
312078 312356
312642 312891
313312 313540
313724 313978
314120 314397
314530 314786
314815 315050
315200 315459
315530 315796
315888 316139
316614 316868
317137 317393
317593 317858
318001 318263
318417 318669
319094 319344
319371 319632
319789 320051
320250 320511
320883 321135
321286 321539
321655 321913
322167 322415
322561 322818
323138 323418
323474 323729
323760 323991
324064 324323
324588 324872
325213 325475
325749 325991
326403 326658
327021 327302
327552 327822
328021 328246
328566 328816
329217 329495
329642 329904
330265 330495
330803 331055
331385 331659
332046 332299
332643 332878
332890 333136
333157 333443
333829 334091
334507 334742
335083 335334
335362 335642
336072 336338
336730 336955
337365 337606
337767 338053
338396 338663
339111 339337
339719 339957
340442 340718
341103 341388
341875 342104
342462 342705
342712 343003
343300 343573
343891 344104
344359 344601
344613 344905
345165 345436
345574 345797
346117 346353
346476 346773
347089 347362
347816 348024
348190 348430
348498 348800
348849 349118
349503 349724
350178 350427
350759 351057
351302 351569
351930 352146
352193 352442
352490 352787
352849 353118
353262 353482
353959 354204
354273 354562
354730 354996
355327 355548
355860 356101
356106 356404
356784 357051
357357 357573
357705 357950
358165 358458
358846 359107
359503 359714
359898 360156
360194 360501
360822 361073
361109 361313
361721 361980
361997 362309
362557 362830
362980 363185
363503 363760
363829 364141
364514 364777
364860 365070
365106 365355
365722 366030
366073 366335
366372 366573
366871 367126
367301 367627
367664 367928
368359 368553
368870 369123
369409 369720
370142 370392
370408 370610
370743 371001
371007 371297
371431 371680
372125 372337
372632 372895
372917 373228
373392 373656
374032 374239
374519 374758
375092 375388
375620 375892
375972 376184
376470 376702
376927 377236
377734 378017
378488 378683
378775 379012
379494 379803
380030 380314
380456 380676
380824 381041
381405 381695
381743 382036
382277 382491
382948 383167
383463 383762
384060 384345
384398 384620
384870 385098
385257 385538
385799 386090
386151 386382
386816 387030
387264 387539
387724 388029
388276 388505
388623 388829
389183 389484
389896 390201
390638 390834
391328 391530
391784 392088
392534 392831
393324 393532
393639 393867
394131 394425
394792 395057
395435 395658
395962 396206
396313 396598
396774 397041
397202 397430
397784 398024
398353 398646
399107 399381
399840 400070
400204 400441
400472 400771
400844 401111
401403 401613
401757 401995
402048 402342
402771 403032
403322 403541
403957 404205
404507 404783
404903 405159
405357 405594
405671 405917
406293 406568
406962 407229
407469 407703
407811 408056
408464 408740
409042 409317
409778 410011
410497 410743
411209 411486
411947 412210
412578 412813
413117 413360
413438 413717
413774 414033
414240 414473
414605 414860
415260 415533
415714 415967
416131 416367
416753 417013
417354 417632
417837 418096
418446 418691
419086 419337
419774 420047
420457 420723
421158 421394
421557 421800
421816 422076
422244 422514
422872 423133
423207 423445
423568 423827
423883 424174
424607 424867
424921 425143
425339 425589
425931 426226
426405 426659
426972 427198
427224 427476
427537 427816
427880 428140
428594 428826
429136 429392
429700 429978
430102 430367
430575 430801
431026 431290
431397 431678
432095 432343
432586 432813
432840 433109
433175 433460
433933 434181
434610 434855
434875 435156
435623 435896
436333 436568
437004 437253
437691 437966
438456 438713
439021 439250
439422 439677
440093 440369
440473 440730
441149 441386
441784 442050
442282 442560
442643 442897
443013 443258
443338 443599
443970 444227
444388 444638
445052 445315
445553 445803
446111 446361
446683 446938
447218 447486
447493 447753
448068 448330
448752 449017
449041 449296
449776 450016
450276 450527
450755 451021
451407 451674
451920 452172
452615 452869
453368 453631
453813 454074
454374 454619
454966 455214
455415 455678
456153 456416
456512 456753
456865 457116
457572 457849
457944 458211
458360 458591
458858 459107
459588 459851
460228 460486
460974 461205
461557 461818
461865 462143
462524 462776
463099 463335
463337 463603
463833 464107
464524 464779
465038 465276
465299 465548
465875 466136
466481 466745
466800 467048
467407 467651
467875 468149
468601 468874
469022 469263
469421 469664
470130 470394
470522 470785
471228 471478
471793 472048
472447 472713
473132 473392
473678 473929
474149 474407
474528 474775
475250 475507
475828 476108
476127 476381
476443 476677
476891 477153
477450 477730
477868 478125
478293 478538
478649 478914
479091 479362
479652 479901
480268 480505
480601 480866
480944 481228
481543 481790
482143 482362
482708 482986
483351 483656
483997 484230
484356 484568
484917 485201
485209 485519
485723 485954
486244 486456
486875 487151
487445 487741
488011 488240
488642 488869
489303 489585
489862 490138
490366 490596
491080 491316
491621 491903
492349 492623
492912 493142
493386 493622
494027 494306
494469 494735
494889 495123
495514 495755
496204 496485
496605 496880
496988 497231
497637 497868
498299 498567
498808 499093
499518 499765
500190 500410
500738 501012
501461 501749
501844 502083
502128 502344
502369 502646
502949 503237
503628 503864
504069 504300
504485 504755
504889 505176
505241 505507
505556 505790
506142 506384
506638 506925
507358 507633
508015 508241
508468 508708
509138 509431
509529 509797
510145 510365
510462 510713
511133 511409
511901 512152
512237 512478
512846 513111
513274 513540
513759 514008
514246 514499
514501 514763
514798 515063
515367 515621
515804 516058
516331 516601
517062 517309
517370 517603
517981 518250
518639 518918
519283 519529
519798 520042
520430 520700
521114 521379
521833 522082
522560 522817
523289 523553
523813 524064
524198 524441
524593 524848
525152 525414
525574 525823
526230 526471
526634 526901
527177 527452
527887 528122
528504 528751
529031 529301
529528 529796
529860 530100
530500 530742
530894 531156
531543 531806
532291 532535
532922 533180
533397 533667
533688 533937
534138 534393
534726 534986
535227 535478
535602 535850
535855 536118
536386 536643
537129 537381
537479 537729
537798 538057
538074 538331
538645 538894
539349 539609
540062 540324
540488 540738
540847 541084
541128 541389
541544 541819
541820 542072
542455 542702
542890 543151
543266 543532
543864 544124
544394 544650
545093 545335
545392 545651
545798 546073
546249 546502
546682 546917
547130 547384
547505 547787
548133 548391
548405 548642
548855 549094
549403 549680
549895 550174
550660 550892
551309 551549
551571 551857
552318 552594
552640 552878
553227 553450
553768 554038
554124 554402
554886 555128
555545 555777
556044 556311
556385 556666
556734 556986
557058 557295
557413 557661
557923 558205
558612 558869
559310 559546
559704 559965
559974 560256
560726 560989
561360 561594
562050 562304
562499 562778
563086 563337
563387 563619
563737 563989
564139 564420
564723 564982
565246 565477
565719 565989
566447 566726
567225 567467
567719 567952
568080 568355
568492 568767
569051 569278
569730 569978
570319 570615
571101 571374
571756 571984
571989 572223
572565 572834
573086 573368
573766 574008
574493 574717
575146 575425
575885 576167
576287 576516
576763 576998
577186 577455
577954 578228
578353 578602
578988 579226
579546 579802
579992 580259
580568 580816
581184 581431
581578 581839
582113 582387
582499 582753
583056 583299
583366 583632
583664 583932
584320 584556
585019 585262
585630 585905
586327 586587
587000 587238
587304 587554
588052 588319
588534 588799
589261 589511
589922 590174
590241 590507
590902 591169
591211 591461
591606 591847
592163 592413
592732 593024
593489 593746
593903 594123
594613 594866
595226 595517
595644 595896
596332 596554
596652 596925
597255 597543
597551 597785
597989 598210
598286 598569
599032 599318
599438 599666
599848 600062
600099 600379
600645 600940
601295 601536
601595 601808
602214 602487
602723 603026
603402 603656
604065 604293
604369 604620
604666 604950
605170 605424
605771 606005
606053 606316
606424 606699
606931 607202
607223 607469
607763 608010
608028 608296
608469 608723
609135 609382
609823 610087
610223 610486
610740 610992
611487 611735
612209 612453
612840 613106
613149 613426
613780 614021
614118 614359
614526 614790
614886 615153
615529 615782
616101 616340
616570 616830
616880 617161
617496 617752
617759 617981
618136 618389
618614 618902
619321 619581
619971 620197
620499 620746
620797 621084
621138 621407
621467 621696
621731 621974
622320 622586
622597 622866
623045 623284
623657 623900
624240 624507
624972 625233
625382 625625
625632 625888
626305 626570
626690 626944
627288 627541
627839 628096
628484 628750
629069 629329
629504 629756
629815 630071
630121 630376
630656 630911
630928 631190
631469 631725
631834 632095
632562 632812
633141 633404
633446 633711
634146 634396
634574 634825
634892 635155
635501 635758
635914 636153
636170 636425
636537 636817
637225 637485
637493 637720
637926 638166
638555 638839
639154 639437
639659 639889
640145 640383
640566 640841
641040 641332
641495 641719
642177 642400
642864 643162
643464 643753
643775 643976
644407 644637
644763 645076
645264 645539
645548 645759
645992 646243
646428 646734
646911 647178
647324 647539
647800 648051
648433 648717
649106 649370
649851 650075
650172 650425
650662 650940
651109 651375
651688 651928
652163 652422
652894 653159
653165 653429
653559 653806
654154 654393
654529 654798
655240 655509
655916 656157
656196 656435
656761 657034
657093 657365
657417 657648
658135 658385
658797 659094
659140 659402
659582 659806
660299 660548
661009 661287
661610 661884
662312 662554
663001 663246
663438 663713
663795 664056
664206 664443
664889 665130
665615 665900
666321 666593
666640 666865
667156 667392
667424 667705
667753 668033
668462 668696
669059 669294
669341 669626
669926 670199
670520 670751
671209 671442
671926 672204
672566 672850
672998 673244
673652 673878
674115 674388
674865 675155
675497 675732
675817 676050
676533 676811
677121 677400
677496 677730
677952 678182
678637 678921
679058 679326
679595 679829
680304 680544
680658 680927
680954 681229
681548 681786
682006 682245
682320 682590
682953 683241
683680 683927
684012 684234
684664 684933
685199 685480
685539 685784
686150 686383
686666 686931
687012 687291
687771 688019
688120 688358
688638 688902
688920 689187
689557 689807
690073 690321
690820 691093
691560 691836
692289 692524
692967 693212
693536 693818
693994 694258
694529 694767
695029 695277
695550 695829
696170 696445
696938 697176
697219 697468
697492 697775
698119 698371
698504 698729
699228 699492
699758 700043
700401 700640
701053 701277
701691 701960
702451 702741
703223 703483
703516 703744
703867 704120
704205 704492
704872 705137
705516 705755
705994 706243
706434 706706
707144 707403
707454 707704
707869 708118
708610 708862
709277 709536
710021 710281
710717 710975
711389 711642
712041 712294
712305 712563
712571 712833
712843 713103
713201 713459
713478 713736
713759 714019
714352 714611
714962 715231
715323 715578
715802 716045
716176 716435
716704 716973
717293 717536
717655 717906
717923 718188
718280 718543
718905 719169
719312 719568
720012 720283
720641 720899
721070 721304
721432 721702
721957 722227
722665 722915
722925 723176
723596 723864
723920 724178
724357 724603
724949 725208
725379 725638
725847 726102
726304 726563
727023 727283
727759 728015
728023 728281
728662 728931
729149 729409
729570 729813
730232 730499
730685 730958
731389 731636
731974 732210
732345 732609
732793 733065
733409 733659
733866 734117
734149 734411
734679 734950
735244 735495
735853 736096
736442 736701
737026 737297
737740 737998
738200 738441
738859 739112
739554 739828
740150 740413
740660 740896
741280 741531
741869 742142
742615 742870
743360 743592
744020 744275
744339 744614
744730 744995
745443 745672
746051 746296
746514 746791
746964 747230
747715 747950
748223 748477
748934 749203
749543 749785
749794 750027
750038 750307
750478 750738
750788 751043
751422 751681
751735 752009
752382 752632
753079 753317
753352 753596
753891 754162
754523 754793
755227 755477
755953 756208
756481 756748
756780 757028
757315 757564
757611 757890
758211 758472
758921 759143
759471 759723
759848 760130
760432 760698
761077 761309
761586 761839
761884 762173
762595 762861
762993 763231
763721 763959
764046 764312
764791 765069
765137 765382
765819 766051
766257 766533
766911 767194
767682 767915
767939 768169
768388 768663
769128 769404
769707 769949
770392 770626
770795 771066
771354 771635
771921 772155
772170 772410
772538 772811
773208 773483
773966 774214
774665 774905
775029 775293
775486 775752
775761 776023
776288 776530
776760 777011
777321 777592
777693 777959
778050 778280
778752 779003
779342 779612
779747 780007
780443 780684
781091 781357
781631 781899
782320 782566
783029 783279
783743 784007
784469 784734
784942 785195
785261 785504
785794 786060
786449 786726
786821 787079
787521 787756
787970 788224
788389 788662
788984 789254
789390 789625
790111 790351
790395 790686
791182 791462
791955 792169
792506 792733
792866 793157
793471 793755
794180 794420
794857 795086
795557 795825
796148 796436
796813 797054
797131 797362
797795 798059
798285 798564
798926 799179
799185 799422
799689 799941
800407 800680
800989 801241
801330 801560
801767 802027
802060 802344
802350 802599
802932 803169
803466 803721
804116 804398
804888 805146
805493 805726
806040 806291
806640 806914
806931 807201
807410 807651
808083 808315
808765 809032
809472 809755
809918 810162
810543 810764
811030 811298
811474 811756
811955 812193
812402 812637
813012 813279
813686 813969
814383 814636
815123 815356
815743 815999
816406 816676
816840 817094
817131 817371
817534 817784
818125 818390
818726 818994
819489 819748
819793 820040
820058 820319
820527 820782
821204 821447
821747 821998
822195 822476
822876 823133
823381 823617
823986 824235
824385 824657
825125 825385
825739 825988
826019 826272
826380 826640
826795 827059
827546 827797
827942 828178
828191 828442
828460 828734
828893 829157
829574 829812
829949 830208
830450 830723
830765 831007
831098 831337
831646 831913
832391 832663
832860 833116
833290 833557
833581 833831
834277 834526
834577 834845
835318 835580
835972 836209
836306 836559
836800 837074
837390 837639
837798 838041
838158 838420
838751 839013
839112 839362
839387 839650
840146 840411
840580 840831
840875 841121
841574 841822
841966 842234
842669 842926
843342 843586
843760 844009
844227 844494
844561 844827
845253 845508
845932 846182
846327 846585
846863 847113
847229 847495
847889 848153
848559 848807
848888 849147
849337 849595
849964 850218
850524 850779
850879 851139
851576 851820
851919 852176
852364 852616
852747 852987
853281 853541
853991 854267
854446 854709
855070 855305
855313 855561
855832 856111
856507 856769
857224 857475
857659 857904
858237 858485
858750 859026
859247 859509
859785 860023
860476 860722
861200 861476
861859 862112
862307 862531
862828 863077
863194 863468
863592 863853
864258 864485
864757 865010
865106 865385
865691 865950
866246 866473
866677 866929
866975 867263
867339 867596
867603 867831
868078 868327
868482 868775
868995 869273
869355 869580
869956 870197
870407 870690
871190 871455
871506 871730
871791 872043
872389 872687
872888 873152
873206 873412
873751 874006
874271 874575
874622 874870
875000 875211
875385 875649
875859 876161
876381 876618
876659 876869
877281 877550
877859 878163
878379 878610
879042 879253
879670 879948
880059 880349
880675 880918
880975 881206
881290 881554
881571 881851
881905 882148
882304 882532
882796 883065
883511 883808
883836 884063
884085 884303
884515 884795
885078 885362
885658 885884
886069 886316
886534 886826
887118 887379
887663 887883
888183 888443
888714 889002
889111 889362
889676 889898
890127 890385
890552 890852
890934 891187
891501 891717
891917 892176
892299 892597
892932 893183
893622 893852
894047 894314
894658 894940
895312 895546
895828 896061
896378 896659
896713 897005
897178 897403
897626 897850
898347 898623
899116 899404
899754 899988
900141 900371
900785 901075
901339 901616
902052 902285
902681 902914
902960 903233
903298 903590
904060 904317
904609 904826
905061 905322
905706 906016
906282 906530
906793 906987
907139 907408
907905 908230
908289 908535
908854 909033
909414 909686
909869 910189
910609 910844
911124 911319
911743 912007
912009 912331
912728 912978
913050 913233
913375 913636
913924 914258
914695 914953
915267 915447
915925 916176
916441 916767
916964 917229
917371 917560
918005 918266
918331 918650
918664 918925
918976 919175
919498 919747
919770 920088
920315 920577
920735 920918
921257 921515
921522 921861
921944 922195
922594 922770
922908 923184
923548 923881
924346 924580
924877 925070
925242 925524
925954 926266
926476 926709
926792 927008
927434 927718
927912 928201
928460 928694
928752 928973
929297 929580
929887 930190
930412 930645
931070 931282
931655 931936
931986 932289
932385 932620
933112 933320
933402 933697
934155 934470
934672 934892
935286 935495
935566 935848
936032 936339
936798 937032
937126 937326
937580 937863
937970 938277
938504 938738
938992 939194
939419 939694
940163 940474
940869 941101
941451 941653
941777 942063
942072 942373
942726 942950
942999 943206
943573 943858
943985 944282
944717 944947
945378 945590
945647 945934
946059 946365
946517 946730
946803 947008
947457 947757
947920 948216
948663 948872
949322 949536
949950 950249
950593 950886
950903 951129
951509 951727
952191 952474
952640 952940
953289 953515
953585 953800
954128 954417
954513 954812
954978 955209
955510 955721
956156 956442
956649 956947
957217 957446
957542 957759
958040 958325
958421 958713
959193 959417
959586 959802
960128 960408
960661 960966
961228 961465
961952 962145
962341 962619
962960 963281
963374 963602
963722 963922
964123 964399
964814 965117
965422 965662
965913 966125
966333 966604
967100 967398
967717 967953
967994 968209
968475 968746
969005 969306
969501 969748
970121 970337
970704 970976
971067 971361
971671 971907
972100 972310
972397 972662
972790 973088
973092 973352
973411 973629
974054 974299
974773 975069
975473 975747
975858 976077
976173 976411
976875 977169
977183 977443
977552 977768
977844 978088
978206 978510
978595 978848
979042 979244
979480 979736
980226 980532
980706 980971
981150 981352
981772 982027
982335 982633
983073 983336
983478 983691
984154 984415
984573 984873
984944 985183
985429 985658
986036 986323
986530 986808
987010 987245
987535 987764
988212 988487
988770 989063
989272 989506
989520 989746
989915 990199
990639 990922
990987 991202
991243 991470
991554 991859
992310 992589
992718 992916
993135 993371
993601 993907
994293 994578
994996 995210
995568 995804
996058 996359
996568 996846
997150 997365
997577 997810
997886 998185
998364 998640
998901 999118
999268 999506
999771 1000053
1000417 1000690
1000921 1001155
1001639 1001882
1002006 1002285
1002651 1002918
1003167 1003399
1003760 1004010
1004216 1004497
1004738 1004988
1005178 1005404
1005771 1006025
1006217 1006489
1006918 1007187
1007401 1007643
1007832 1008066
1008202 1008468
1008771 1009039
1009353 1009607
1010033 1010265
1010345 1010606
1010960 1011255
1011512 1011753
1012018 1012254
1012660 1012933
1013039 1013307
1013610 1013856
1014346 1014584
1014927 1015186
1015326 1015601
1015645 1015905
1016095 1016344
1016412 1016663
1017101 1017376
1017715 1017982
1018352 1018596
1019029 1019265
1019727 1019994
1020409 1020682
1020898 1021134
1021538 1021766
1022253 1022525
1022677 1022958
1022981 1023218
1023347 1023583
1023731 1023999
1024175 1024458
1024741 1024984
1025099 1025330
1025508 1025769
1025854 1026143
1026216 1026462
1026817 1027040
1027508 1027775
1028052 1028342
1028692 1028934
1029075 1029295
1029360 1029631
1029927 1030215
1030501 1030732
1030888 1031119
1031317 1031612
1032038 1032325
1032513 1032735
1033009 1033240
1033562 1033850
1034253 1034526
1034704 1034927
1035137 1035377
1035687 1035969
1036102 1036373
1036543 1036782
1037258 1037496
1037638 1037917
1038080 1038365
1038514 1038751
1039095 1039313
1039556 1039828
1039965 1040258
1040748 1041002
1041321 1041537
1041746 1042012
1042121 1042411
1042676 1042920
1043364 1043584
1043709 1043986
1044333 1044627
1044922 1045157
1045279 1045503
1045689 1045968
1046107 1046400
1046424 1046654
1047125 1047339
1047773 1048067
1048172 1048465
1048867 1049081
1049513 1049751
1049850 1050148
1050510 1050776
1050946 1051146
1051240 1051485
1051916 1052240
1052356 1052628
1052630 1052831
1052995 1053229
1053579 1053901
1053935 1054206
1054271 1054465
1054808 1055060
1055072 1055397
1055691 1055941
1056002 1056198
1056342 1056606
1056815 1057127
1057285 1057548
1057615 1057820
1057825 1058077
1058320 1058621
1059049 1059314
1059812 1060025
1060238 1060495
1060960 1061253
1061392 1061642
1062051 1062273
1062466 1062734
1063126 1063407
1063796 1064040
1064058 1064294
1064385 1064661
1064936 1065214
1065500 1065747
1066104 1066332
1066382 1066667
1066729 1067016
1067426 1067657
1067860 1068082
1068112 1068394
1068869 1069170
1069360 1069586
1069641 1069867
1070101 1070397
1070630 1070910
1071039 1071257
1071495 1071733
1072078 1072364
1072526 1072804
1072848 1073073
1073349 1073592
1073773 1074062
1074444 1074721
1074732 1074973
1075290 1075517
1075659 1075926
1076285 1076554
1076727 1076971
1076983 1077231
1077427 1077701
1077929 1078177
1078569 1078800
1079066 1079335
1079831 1080107
1080584 1080831
1080894 1081148
1081536 1081805
1082297 1082562
1082584 1082819
1083105 1083363
1083470 1083756
1084063 1084310
1084776 1085005
1085164 1085439
1085451 1085737
1086214 1086445
1086877 1087104
1087147 1087429
1087666 1087940
1088208 1088439
1088795 1089039
1089048 1089327
1089664 1089928
1089995 1090237
1090398 1090658
1090988 1091259
1091416 1091665
1091759 1092012
1092508 1092771
1092804 1093071
1093241 1093495
1093922 1094159
1094550 1094804
1095017 1095302
1095378 1095648
1096063 1096301
1096662 1096924
1097064 1097333
1097385 1097633
1097776 1098032
1098347 1098600
1098602 1098865
1098892 1099152
1099334 1099582
1099969 1100227
1100407 1100670
1100719 1100971
1101033 1101287
1101686 1101943
1102382 1102642
1102826 1103084
1103548 1103793
1104174 1104434
1104450 1104728
1105012 1105252
1105465 1105715
1105766 1106038
1106501 1106780
1107183 1107431
1107717 1107966
1108184 1108436
1108880 1109132
1109299 1109558
1109846 1110102
1110381 1110641
1111129 1111388
1111600 1111870
1112249 1112501
1112947 1113187
1113193 1113448
1113645 1113907
1113944 1114198
1114643 1114893
1115224 1115488
1115534 1115790
1116091 1116343
1116701 1116961
1117264 1117529
1117819 1118066
1118430 1118679
1118859 1119118
1119520 1119793
1120070 1120328
1120533 1120773
1120852 1121097
1121161 1121429
1121805 1122059
1122558 1122802
1123271 1123512
1123845 1124117
1124241 1124512
1124914 1125152
1125384 1125623
1125818 1126083
1126514 1126782
1127087 1127343
1127809 1128056
1128178 1128426
1128466 1128723
1129102 1129363
1129546 1129800
1129927 1130176
1130222 1130475
1130946 1131204
1131360 1131608
1131689 1131949
1131956 1132204
1132207 1132463
1132584 1132853
1133254 1133511
1133549 1133783
1133947 1134217
1134419 1134692
1135123 1135370
1135482 1135723
1136007 1136272
1136288 1136557
1136820 1137065
1137528 1137788
1138012 1138283
1138506 1138771
1139217 1139460
1139495 1139749
1139814 1140074
1140287 1140546
1140745 1141003
1141054 1141308
1141602 1141847
1142286 1142538
1142814 1143082
1143185 1143441
1143608 1143856
1144277 1144538
1144765 1145041
1145393 1145670
1145809 1146052
1146328 1146563
1147012 1147274
1147607 1147894
1148071 1148323
1148523 1148755
1149001 1149257
1149479 1149751
1149878 1150144
1150291 1150533
1150594 1150837
1151298 1151574
1151934 1152207
1152208 1152448
1152845 1153087
1153565 1153847
1154260 1154532
1154945 1155173
1155612 1155847
1156341 1156619
1156686 1156960
1157049 1157286
1157706 1157942
1158320 1158614
1158917 1159184
1159461 1159691
1159934 1160182
1160489 1160767
1160970 1161231
1161303 1161532
1161886 1162125
1162213 1162499
1162927 1163194
1163693 1163931
1164055 1164311
1164612 1164895
1164912 1165158
1165423 1165654
1165671 1165944
1166360 1166653
1167092 1167330
1167518 1167732
1168052 1168322
1168327 1168631
1168807 1169047
1169483 1169702
1169973 1170241
1170495 1170779
1171056 1171292
1171665 1171896
1172207 1172494
1172708 1172999
1173363 1173574
1173741 1173962
1174237 1174527
1174733 1175035
1175187 1175397
1175742 1175961
1176109 1176410
1176416 1176717
1176910 1177134
1177368 1177585
1177984 1178273
1178498 1178799
1179041 1179266
1179725 1179949
1180114 1180399
1180646 1180948
1181428 1181665
1181700 1181903
1182172 1182455
1182657 1182973
1183133 1183376
1183447 1183655
1183832 1184097
1184481 1184774
1185055 1185298
1185718 1185951
1186023 1186286
1186766 1187047
1187378 1187633
1188028 1188264
1188581 1188837
1189300 1189574
1189863 1190121
1190352 1190587
1190927 1191177
1191499 1191769
1191773 1192036
1192265 1192514
1192577 1192816
1193039 1193301
1193382 1193653
1194122 1194375
1194732 1194965
1195065 1195322
1195341 1195614
1195683 1195942
1196018 1196259
1196488 1196740
1196755 1197028
1197138 1197401
1197858 1198103
1198569 1198815
1199306 1199585
1199752 1200014
1200443 1200680
1201067 1201328
1201378 1201654
1202139 1202382
1202710 1202955
1203434 1203723
1203849 1204117
1204509 1204733
1204845 1205111
1205444 1205723
1206115 1206366
1206533 1206763
1207108 1207381
1207438 1207724
1208171 1208404
1208480 1208709
1209075 1209354
1209464 1209754
1209820 1210045
1210079 1210304
1210318 1210613
1210964 1211242
1211516 1211747
1212236 1212480
1212678 1212960
1213061 1213332
1213341 1213570
1213688 1213918
1214311 1214605
1214884 1215177
1215223 1215438
1215476 1215695
1216161 1216448
1216912 1217205
1217224 1217461
1217526 1217747
1217813 1218083
1218202 1218492
1218846 1219099
1219360 1219579
1219672 1219937
1220160 1220452
1220590 1220838
1220970 1221195
1221280 1221550
1221860 1222158
1222327 1222577
1222668 1222889
1223197 1223476
1223883 1224169
1224440 1224674
1224845 1225075
1225207 1225490
1225594 1225875
1226290 1226523
1226910 1227142
1227248 1227524
1227582 1227864
1228344 1228590
1228641 1228880
1229208 1229477
1229820 1230098
1230295 1230544
1230692 1230940
1230996 1231265
1231347 1231606
1231866 1232106
1232565 1232816
1233021 1233284
1233434 1233684
1233919 1234161
1234418 1234679
1234756 1235022
1235435 1235685
1235776 1236026
1236152 1236429
1236548 1236814
1237014 1237245
1237673 1237919
1238104 1238386
1238722 1238976
1239381 1239618
1239879 1240138
1240157 1240432
1240583 1240849
1241248 1241485
1241618 1241851
1242290 1242570
1242868 1243145
1243377 1243599
1243785 1244014
1244094 1244381
1244799 1245083
1245544 1245764
1246159 1246386
1246395 1246675
1246751 1247023
1247110 1247343
1247832 1248064
1248113 1248390
1248544 1248814
1249203 1249429
1249770 1250010
1250431 1250712
1250786 1251066
1251139 1251368
1251618 1251856
1252213 1252486
1252653 1252933
1253238 1253486
1253664 1253904
1254224 1254491
1254783 1255058
1255229 1255470
1255473 1255720
1256065 1256343
1256537 1256795
1257116 1257341
1257408 1257675
1257812 1258099
1258209 1258457
1258916 1259132
1259598 1259864
1259928 1260210
1260614 1260859
1261126 1261359
1261652 1261914
1262323 1262605
1262904 1263143
1263400 1263625
1264062 1264332
1264636 1264916
1265412 1265664
1265891 1266128
1266149 1266414
1266734 1267017
1267310 1267555
1267861 1268093
1268335 1268600
1268940 1269217
1269246 1269490
1269945 1270186
1270563 1270822
1271216 1271486
1271555 1271811
1272054 1272298
1272720 1272976
1273296 1273573
1273932 1274195
1274570 1274802
1275168 1275415
1275580 1275864
1276017 1276291
1276415 1276637
1277011 1277238
1277369 1277655
1277969 1278252
1278685 1278916
1279390 1279623
1279714 1279989
1280118 1280400
1280490 1280729
1281165 1281400
1281513 1281782
1282210 1282492
1282540 1282784
1283104 1283329
1283371 1283631
1284000 1284300
1284343 1284594
1284843 1285062
1285144 1285405
1285789 1286094
1286458 1286700
1286780 1286988
1287151 1287429
1287683 1287992
1288360 1288584
1288592 1288787
1288818 1289101
1289429 1289745
1289851 1290076
1290385 1290582
1290671 1290960
1290973 1291285
1291662 1291881
1292329 1292537
1292585 1292880
1293177 1293477
1293744 1293965
1294430 1294642
1294773 1295070
1295547 1295841
1296323 1296535
1297000 1297210
1297602 1297898
1298216 1298515
1298945 1299154
1299446 1299653
1299678 1300000
1300309 1300615
1300711 1300908
1301066 1301269
1301726 1302044
1302294 1302596
1302774 1302970
1303044 1303264
1303679 1303994
1304119 1304403
1304655 1304858
1305351 1305579
1305806 1306100
1306436 1306711
1306747 1306964
1307457 1307690
1307874 1308170
1308369 1308649
1308687 1308903
1309365 1309594
1309793 1310074
1310106 1310385
1310495 1310716
1311135 1311366
1311493 1311780
1312244 1312522
1312604 1312839
1313130 1313368
1313647 1313934
1314253 1314526
1314991 1315225
1315230 1315475
1315719 1315998
1316122 1316389
1316849 1317085
1317434 1317674
1317835 1318104
1318234 1318509
1318797 1319020
1319290 1319526
1319585 1319876
1319893 1320179
1320378 1320598
1320908 1321142
1321252 1321550
1321982 1322252
1322710 1322923
1322988 1323240
1323501 1323789
1324244 1324508
1324849 1325072
1325193 1325451
1325695 1325992
1326029 1326287
1326347 1326560
1327034 1327298
1327323 1327619
1327868 1328114
1328244 1328459
1328887 1329149
1329459 1329751
1330017 1330265
1330626 1330849
1331337 1331613
1332073 1332356
1332832 1333076
1333322 1333545
1333884 1334132
1334405 1334715
1335179 1335450
1335679 1335878
1335906 1336162
1336183 1336505
1336923 1337188
1337606 1337822
1337827 1338077
1338472 1338759
1339051 1339323
1339765 1339995
1340444 1340700
1340912 1341203
1341518 1341791
1341988 1342214
1342258 1342494
1342683 1342969
1343201 1343488
1343641 1343866
1344122 1344345
1344837 1345109
1345466 1345748
1346245 1346493
1346649 1346876
1347053 1347325
1347523 1347804
1347846 1348085
1348575 1348811
1348831 1349106
1349160 1349434
1349830 1350075
1350343 1350580
1350993 1351260
1351419 1351690
1352028 1352277
1352429 1352663
1352798 1353067
1353322 1353601
1353669 1353914
1354135 1354380
1354733 1354999
1355102 1355362
1355851 1356106
1356448 1356693
1356860 1357114
1357122 1357396
1357616 1357868
1358117 1358359
1358813 1359080
1359380 1359654
1359889 1360130
1360533 1360764
1360778 1361043
1361515 1361794
1361981 1362225
1362606 1362840
1363037 1363310
1363546 1363823
1363969 1364211
1364500 1364753
1364825 1365096
1365103 1365357
1365547 1365776
1366246 1366503
1366684 1366953
1367252 1367508
1367865 1368105
1368205 1368450
1368948 1369224
1369564 1369830
1370264 1370494
1370983 1371228
1371489 1371768
1371960 1372237
1372686 1372921
1373416 1373647
1373855 1374132
1374170 1374451
1374889 1375127
1375190 1375416
1375625 1375893
1376328 1376615
1376948 1377197
1377629 1377854
1377895 1378148
1378432 1378699
1378897 1379153
1379511 1379762
1379864 1380117
1380583 1380838
1380897 1381161
1381184 1381433
1381843 1382093
1382385 1382643
1382867 1383137
1383415 1383659
1383956 1384197
1384597 1384861
1384866 1385135
1385277 1385524
1385573 1385812
1386057 1386316
1386697 1386956
1387007 1387257
1387729 1387993
1388158 1388425
1388751 1388998
1389223 1389460
1389807 1390063
1390103 1390368
1390396 1390658
1390910 1391168
1391308 1391554
1391728 1391990
1392406 1392694
1392981 1393237
1393659 1393884
1394330 1394575
1395013 1395298
1395311 1395584
1395822 1396044
1396361 1396597
1397062 1397355
1397827 1398090
1398457 1398691
1398750 1398993
1399442 1399733
1399933 1400207
1400408 1400630
1400786 1401037
1401500 1401791
1401813 1402075
1402158 1402384
1402603 1402850
1403330 1403623
1403966 1404238
1404592 1404812
1404989 1405240
1405623 1405914
1406019 1406283
1406720 1406947
1407247 1407501
1407543 1407831
1408287 1408536
1408882 1409113
1409301 1409575
1409919 1410201
1410561 1410794
1411115 1411351
1411764 1412038
1412375 1412653
1413026 1413255
1413285 1413518
1413663 1413954
1414027 1414292
1414710 1414946
1415405 1415653
1416152 1416436
1416574 1416842
1416990 1417214
1417312 1417563
1417905 1418195
1418422 1418683
1418872 1419101
1419232 1419475
1419664 1419953
1420327 1420583
1420788 1421015
1421275 1421519
1422007 1422291
1422469 1422740
1422779 1423014
1423179 1423425
1423431 1423704
1423954 1424230
1424469 1424715
1425058 1425300
1425623 1425889
1426144 1426414
1426712 1426947
1427439 1427685
1427740 1428018
1428369 1428633
1428926 1429156
1429451 1429698
1429891 1430178
1430200 1430469
1430552 1430775
1430790 1431032
1431303 1431594
1431648 1431927
1432330 1432550
1432864 1433109
1433255 1433545
1434042 1434310
1434399 1434621
1434958 1435199
1435212 1435520
1435763 1436025
1436189 1436392
1436528 1436775
1437216 1437525
1437713 1437985
1438418 1438630
1438796 1439035
1439452 1439751
1440133 1440399
1440523 1440740
1441081 1441333
1441781 1442078
1442420 1442688
1442774 1442978
1443017 1443259
1443439 1443747
1444064 1444327
1444622 1444828
1445182 1445438
1445725 1446028
1446407 1446667
1446931 1447145
1447513 1447761
1447825 1448121
1448318 1448584
1449083 1449300
1449509 1449763
1450237 1450520
1450526 1450778
1451216 1451450
1451883 1452140
1452560 1452838
1453135 1453386
1453498 1453741
1453755 1454018
1454266 1454542
1454543 1454786
1455109 1455349
1455584 1455865
1455931 1456193
1456278 1456514
1456639 1456898
1457105 1457382
1457456 1457700
1457729 1457973
1458408 1458680
1459049 1459316
1459340 1459569
1459898 1460144
1460285 1460560
1460588 1460856
1460928 1461176
1461457 1461701
1462109 1462363
1462789 1463071
1463400 1463664
1463817 1464047
1464428 1464682
1465091 1465391
1465811 1466077
1466145 1466361
1466584 1466828
1467258 1467558
1467709 1467986
1468203 1468419
1468596 1468831
1469238 1469540
1469578 1469849
1470349 1470563
1471004 1471239
1471370 1471659
1472099 1472378
1472725 1472953
1473434 1473675
1473786 1474060
1474464 1474731
1475023 1475277
1475430 1475685
1475925 1476190
1476376 1476649
1476926 1477185
1477657 1477896
1477906 1478152
1478572 1478843
1479270 1479545
1479812 1480057
1480205 1480436
1480538 1480797
1481282 1481567
1481934 1482188
1482426 1482667
1482961 1483217
1483360 1483633
1483785 1484045
1484309 1484561
1485033 1485289
1485325 1485588
1485632 1485898
1485971 1486225
1486295 1486554
1486790 1487055
1487190 1487445
1487847 1488089
1488268 1488524
1488823 1489102
1489175 1489432
1489714 1489950
1490412 1490671
1490797 1491086
1491528 1491772
1491784 1492009
1492299 1492577
1492760 1493052
1493284 1493533
1493733 1493964
1494429 1494692
1495037 1495319
1495622 1495864
1496080 1496323
1496617 1496888
1497299 1497571
1497640 1497892
1498225 1498462
1498953 1499216
1499508 1499785
1499943 1500191
1500457 1500686
1500858 1501124
1501452 1501732
1502221 1502479
1502876 1503105
1503542 1503812
1503989 1504270
1504455 1504686
1505175 1505409
1505414 1505696
1506158 1506421
1506577 1506810
1506876 1507132
1507335 1507610
1507861 1508121
1508368 1508604
1509103 1509360
1509601 1509872
1509937 1510191
1510554 1510788
1511047 1511302
1511501 1511770
1512120 1512376
1512650 1512887
1513240 1513496
1513547 1513816
1513897 1514152
1514436 1514677
1514875 1515134
1515240 1515507
1515964 1516219
1516553 1516795
1516928 1517182
1517307 1517585
1517969 1518230
1518611 1518840
1518937 1519190
1519533 1519827
1519937 1520198
1520560 1520783
1520944 1521200
1521368 1521658
1521861 1522106
1522118 1522339
1522813 1523065
1523308 1523614
1523866 1524126
1524583 1524796
1524807 1525056
1525227 1525526
1525626 1525899
1526170 1526374
1526617 1526865
1526960 1527261
1527612 1527873
1528125 1528341
1528418 1528679
1528830 1529131
1529564 1529811
1529966 1530181
1530588 1530856
1531019 1531326
1531685 1531933
1531954 1532151
1532201 1532452
1532793 1533103
1533164 1533417
1533432 1533626
1533715 1533978
1534102 1534410
1534905 1535145
1535440 1535652
1536113 1536389
1536861 1537160
1537338 1537578
1537604 1537823
1538178 1538435
1538650 1538949
1539298 1539547
1539765 1539974
1540236 1540505
1540607 1540913
1540934 1541173
1541672 1541885
1542332 1542602
1543006 1543307
1543684 1543928
1543996 1544213
1544325 1544600
1545008 1545315
1545428 1545658
1545776 1545991
1546026 1546308
1546755 1547063
1547467 1547695
1547871 1548070
1548550 1548841
1549119 1549430
1549457 1549668
1549675 1549878
1550142 1550445
1550646 1550955
1551126 1551350
1551419 1551619
1552027 1552317
1552736 1553044
1553259 1553484
1553873 1554084
1554422 1554707
1555061 1555363
1555702 1555921
1556386 1556593
1557046 1557342
1557471 1557782
1558068 1558299
1558701 1558901
1558988 1559266
1559461 1559774
1559954 1560187
1560329 1560531
1560543 1560829
1561153 1561459
1561553 1561780
1562104 1562316
1562336 1562627
1563052 1563353
1563712 1563929
1563963 1564190
1564538 1564832
1565096 1565375
1565762 1565980
1566033 1566274
1566328 1566611
1566717 1566995
1567254 1567492
1567694 1567929
1568194 1568478
1568515 1568806
1569113 1569350
1569671 1569911
1570186 1570470
1570556 1570836
1571012 1571250
1571652 1571877
1572158 1572430
1572862 1573160
1573406 1573650
1574116 1574334
1574397 1574670
1574815 1575100
1575558 1575793
1576199 1576419
1576888 1577166
1577417 1577711
1577751 1577991
1578243 1578463
1578818 1579095
1579345 1579641
1580067 1580300
1580468 1580676
1580932 1581219
1581502 1581797
1581917 1582154
1582461 1582689
1582984 1583254
1583529 1583801
1583964 1584191
1584494 1584738
1585043 1585335
1585700 1585975
1586023 1586237
1586412 1586658
1586725 1587032
1587453 1587733
1587952 1588161
1588322 1588551
1588673 1588975
1589216 1589489
1589573 1589786
1589907 1590135
1590453 1590753
1591011 1591288
1591741 1591968
1592255 1592493
1592841 1593130
1593242 1593520
1593822 1594040
1594424 1594658
1594890 1595183
1595593 1595884
1595974 1596200
1596431 1596666
1596799 1597083
1597291 1597566
1597946 1598173
1598350 1598589
1598804 1599088
1599545 1599816
1599897 1600135
1600596 1600840
1601007 1601292
1601518 1601792
1601814 1602046
1602381 1602618
1602667 1602942
1603226 1603505
1603892 1604121
1604216 1604443
1604878 1605162
1605473 1605756
1605830 1606078
1606163 1606385
1606524 1606793
1607288 1607574
1608027 1608275
1608601 1608819
1608958 1609221
1609265 1609558
1609765 1610019
1610276 1610498
1610898 1611160
1611319 1611607
1611879 1612139
1612210 1612443
1612475 1612728
1613165 1613440
1613867 1614136
1614572 1614814
1614973 1615210
1615245 1615520
1615524 1615802
1616053 1616296
1616792 1617027
1617174 1617448
1617576 1617847
1617852 1618084
1618141 1618367
1618525 1618796
1619255 1619531
1619957 1620197
1620311 1620550
1620614 1620878
1620907 1621180
1621339 1621596
1621826 1622064
1622087 1622339
1622474 1622742
1622986 1623240
1623410 1623653
1624046 1624307
1624449 1624708
1624930 1625171
1625521 1625773
1625960 1626228
1626329 1626586
1626687 1626925
1627225 1627483
1627813 1628090
1628379 1628639
1628749 1628991
1629111 1629361
1629837 1630110
1630609 1630860
1631123 1631365
1631860 1632114
1632286 1632559
1632679 1632946
1633379 1633618
1633711 1633958
1634198 1634476
1634552 1634824
1635129 1635370
1635490 1635741
1635909 1636186
1636365 1636636
1637042 1637273
1637753 1637997
1638050 1638321
1638749 1639024
1639138 1639382
1639761 1639993
1640027 1640300
1640772 1641061
1641093 1641335
1641419 1641641
1641882 1642145
1642157 1642452
1642483 1642732
1642906 1643130
1643139 1643398
1643503 1643784
1644053 1644312
1644336 1644561
1644851 1645104
1645240 1645522
1645651 1645918
1646077 1646310
1646751 1646993
1647030 1647305
1647527 1647800
1648143 1648384
1648669 1648901
1649394 1649659
1649739 1650024
1650506 1650753
1650754 1650974
1651337 1651612
1651903 1652187
1652356 1652592
1652624 1652856
1653255 1653536
1653635 1653900
1654342 1654571
1654574 1654816
1654902 1655169
1655272 1655537
1656001 1656249
1656568 1656802
1656845 1657118
1657213 1657481
1657916 1658154
1658268 1658511
1658702 1658977
1659253 1659515
1659815 1660047
1660298 1660550
1660661 1660931
1661045 1661303
1661552 1661783
1662242 1662487
1662644 1662924
1662992 1663256
1663519 1663754
1663778 1664038
1664292 1664552
1664712 1664952
1665179 1665440
1665509 1665776
1665860 1666124
1666442 1666693
1666713 1666966
1667450 1667706
1668198 1668467
1668721 1668981
1669395 1669632
1669916 1670168
1670664 1670950
1671323 1671586
1671617 1671849
1672250 1672496
1672580 1672860
1673130 1673397
1673447 1673681
1673918 1674177
1674568 1674851
1675152 1675404
1675902 1676122
1676584 1676832
1676849 1677141
1677529 1677780
1678164 1678394
1678657 1678914
1679082 1679356
1679683 1679935
1680106 1680346
1680363 1680611
1680664 1680937
1681050 1681312
1681396 1681632
1681719 1681968
1682251 1682527
1682611 1682875
1683007 1683253
1683267 1683510
1683678 1683940
1684279 1684541
1684710 1684962
1685197 1685441
1685571 1685840
1686008 1686273
1686441 1686677
1686873 1687120
1687608 1687889
1688283 1688546
1688918 1689154
1689503 1689759
1689858 1690127
1690305 1690558
1690669 1690916
1691388 1691636
1691856 1692133
1692496 1692752
1693249 1693477
1693690 1693961
1694420 1694704
1695085 1695320
1695704 1695939
1696085 1696354
1696461 1696729
1696863 1697105
1697360 1697593
1697932 1698197
1698234 1698511
1698733 1698967
1699278 1699519
1699720 1699993
1700107 1700371
1700491 1700733
1701144 1701402
1701487 1701750
1702058 1702331
1702374 1702622
1703114 1703350
1703686 1703944
1704310 1704583
1704600 1704856
1705107 1705341
1705509 1705770
1705972 1706250
1706422 1706680
1707154 1707396
1707861 1708108
1708590 1708854
1709351 1709618
1709707 1709967
1710357 1710616
1710650 1710896
1711056 1711308
1711750 1712012
1712426 1712684
1713011 1713263
1713325 1713592
1714011 1714261
1714298 1714536
1714746 1715003
1715349 1715619
1715975 1716237
1716637 1716879
1717118 1717378
1717594 1717865
1718166 1718425
1718581 1718822
1719314 1719562
1719648 1719920
1720160 1720424
1720817 1721055
1721524 1721768
1721776 1722037
1722464 1722724
1722781 1723027
1723462 1723719
1723955 1724223
1724484 1724739
1725113 1725354
1725559 1725816
1726065 1726338
1726786 1727042
1727252 1727508
1727674 1727927
1728145 1728408
1728733 1728995
1729319 1729571
1729731 1729981
1730229 1730499
1730758 1731031
1731054 1731302
1731751 1731983
1731986 1732251
1732279 1732560
1732901 1733150
1733443 1733672
1734059 1734319
1734624 1734906
1734957 1735208
1735460 1735692
1735768 1736036
1736440 1736720
1736895 1737134
1737346 1737578
1737698 1737970
1738363 1738646
1738827 1739076
1739531 1739757
1739799 1740050
1740448 1740733
1740972 1741234
1741680 1741897
1741975 1742222
1742374 1742680
1742927 1743196
1743247 1743453
1743562 1743801
1744171 1744486
1744646 1744923
1745046 1745251
1745389 1745634
1745660 1745974
1746040 1746305
1746489 1746698
1747043 1747296
1747417 1747721
1747743 1748009
1748409 1748618
1748665 1748922
1749349 1749655
1749972 1750227
1750238 1750436
1750807 1751055
1751265 1751570
1752034 1752306
1752504 1752700
1752750 1752977
1753177 1753481
1753591 1753862
1753996 1754207
1754647 1754878
1755284 1755580
1755682 1755965
1756089 1756321
1756376 1756599
1756774 1757043
1757307 1757592
1757839 1758080
1758573 1758805
1759013 1759293
1759720 1760008
1760322 1760550
1760972 1761197
1761670 1761952
1762243 1762522
1762879 1763114
1763355 1763599
1763665 1763928
1764207 1764459
1764755 1765012
1765176 1765432
1765653 1765903
1766087 1766351
1766638 1766892
1767390 1767651
1767698 1767944
1768127 1768380
1768426 1768687
1768747 1768999
1769369 1769632
1770035 1770297
1770413 1770658
1770701 1770945
1771178 1771448
1771722 1771998
1772017 1772267
1772467 1772703
1772895 1773168
1773582 1773866
1774124 1774371
1774631 1774859
1775210 1775469
1775863 1776149
1776601 1776853
1776864 1777093
1777579 1777852
1778305 1778589
1779039 1779281
1779532 1779754
1779890 1780163
1780449 1780744
1781031 1781279
1781289 1781516
1781935 1782205
1782697 1782974
1783226 1783478
1783750 1783989
1784339 1784603
1784754 1785031
1785457 1785695
1785715 1785939
1786078 1786343
1786745 1787031
1787161 1787422
1787897 1788121
1788362 1788602
1789040 1789317
1789539 1789810
1790202 1790445
1790559 1790791
1790878 1791151
1791271 1791540
1791906 1792139
1792354 1792598
1792979 1793260
1793653 1793929
1794062 1794285
1794680 1794920
1795034 1795328
1795525 1795796
1796279 1796493
1796701 1796955
1797428 1797725
1798191 1798446
1798687 1798900
1798982 1799252
1799715 1800015
1800197 1800438
1800548 1800755
1801030 1801295
1801726 1802044
1802203 1802450
1802906 1803098
1803249 1803511
1803587 1803915
1804041 1804284
1804325 1804517
1804950 1805219
1805684 1805994
1806083 1806324
1806433 1806644
1807140 1807409
1807606 1807900
1808051 1808297
1808593 1808817
1809284 1809553
1809758 1810050
1810512 1810757
1810938 1811156
1811195 1811469
1811909 1812214
1812503 1812745
1812922 1813128
1813142 1813414
1813664 1813973
1814284 1814527
1814643 1814845
1815276 1815545
1815979 1816279
1816359 1816600
1817063 1817280
1817763 1818030
1818524 1818812
1819307 1819539
1820023 1820255
1820411 1820694
1820837 1821116
1821502 1821747
1822207 1822448
1822711 1822965
1823235 1823511
1823526 1823783
1824141 1824367
1824567 1824815
1824831 1825122
1825342 1825613
1825716 1825934
1826399 1826637
1826898 1827192
1827586 1827854
1827860 1828080
1828391 1828633
1828640 1828932
1829062 1829332
1829547 1829781
1830263 1830505
1830970 1831243
1831481 1831732
1832151 1832384
1832395 1832648
1832877 1833153
1833450 1833714
1833923 1834161
1834288 1834534
1834887 1835159
1835590 1835862
1836353 1836596
1836601 1836835
1837042 1837303
1837360 1837643
1837901 1838161
1838442 1838672
1838761 1839014
1839302 1839584
1839694 1839950
1840034 1840274
1840580 1840840
1841128 1841410
1841545 1841790
1842208 1842442
1842518 1842786
1843225 1843508
1843984 1844225
1844508 1844739
1844759 1845031
1845416 1845690
1846011 1846251
1846750 1846991
1847100 1847369
1847459 1847731
1848013 1848253
1848733 1848970
1849190 1849464
1849739 1850020
1850384 1850613
1850798 1851031
1851412 1851687
1851763 1852038
1852215 1852456
1852760 1852989
1853135 1853412
1853897 1854179
1854636 1854867
1854905 1855137
1855256 1855530
1855655 1855936
1855967 1856208
1856221 1856456
1856824 1857097
1857375 1857642
1857953 1858187
1858273 1858511
1858794 1859071
1859149 1859428
1859497 1859726
1859780 1860010
1860106 1860386
1860542 1860822
1860974 1861199
1861535 1861753
1862246 1862540
1863000 1863293
1863447 1863667
1864095 1864325
1864477 1864762
1864885 1865177
1865594 1865828
1865854 1866068
1866292 1866575
1866578 1866878
1867112 1867337
1867783 1868000
1868204 1868480
1868496 1868788
1869162 1869395
1869404 1869621
1869722 1870001
1870390 1870689
1871186 1871424
1871677 1871884
1872309 1872579
1872741 1873052
1873526 1873782
1873846 1874049
1874138 1874394
1874597 1874897
1875275 1875530
1875974 1876182
1876415 1876663
1876922 1877236
1877665 1877935
1878046 1878251
1878723 1878958
1879327 1879626
1879762 1880047
1880196 1880396
1880650 1880882
1881021 1881325
1881813 1882088
1882337 1882537
1882897 1883133
1883255 1883554
1883887 1884172
1884501 1884714
1884944 1885183
1885621 1885921
1886146 1886431
1886796 1887008
1887383 1887610
1887861 1888158
1888421 1888706
1888924 1889137
1889205 1889430
1889810 1890108
1890503 1890787
1890887 1891109
1891278 1891512
1891886 1892177
1892255 1892528
1892896 1893114
1893322 1893567
1893943 1894230
1894493 1894757
1895245 1895488
1895944 1896202
1896600 1896873
1896984 1897253
1897347 1897584
1897952 1898200
1898693 1898962
1899354 1899624
1899670 1899915
1900058 1900303
1900582 1900860
1901073 1901342
1901347 1901583
1901745 1901998
1902487 1902757
1902947 1903211
1903643 1903880
1903964 1904221
1904543 1904801
1904957 1905214
1905651 1905896
1906154 1906412
1906622 1906876
1907175 1907418
1907513 1907783
1908067 1908329
1908484 1908725
1908945 1909195
1909662 1909922
1910337 1910591
1911040 1911293
1911358 1911622
1911635 1911913
1912227 1912476
1912524 1912752
1912978 1913243
1913310 1913594
1913681 1913923
1914090 1914316
1914657 1914932
1914979 1915249
1915689 1915933
1916208 1916454
1916656 1916935
1917212 1917483
1917750 1917986
1918444 1918694
1919081 1919344
1919543 1919801
1920197 1920463
1920756 1921014
1921297 1921531
1921899 1922152
1922635 1922917
1922995 1923256
1923518 1923745
1924087 1924349
1924800 1925083
1925414 1925652
1925967 1926205
1926274 1926548
1926666 1926941
1927439 1927671
1928075 1928302
1928490 1928773
1929132 1929423
1929706 1929937
1930079 1930304
1930519 1930796
1930955 1931235
1931354 1931595
1931740 1931979
1932462 1932730
1933064 1933332
1933590 1933841
1934188 1934430
1934701 1934972
1935340 1935602
1936088 1936323
1936486 1936734
1936904 1937175
1937347 1937616
1937652 1937889
1938147 1938399
1938623 1938897
1939324 1939591
1939736 1939975
1940367 1940605
1940936 1941214
1941621 1941903
1942175 1942414
1942692 1942923
1943246 1943517
1943638 1943919
1944116 1944353
1944690 1944929
1945021 1945312
1945682 1945970
1946000 1946222
1946568 1946800
1947166 1947447
1947869 1948153
1948208 1948450
1948861 1949106
1949291 1949560
1949906 1950185
1950270 1950515
1950951 1951201
1951597 1951871
1952227 1952493
1952744 1952992
1953410 1953641
1954131 1954402
1954804 1955072
1955102 1955339
1955457 1955704
1955708 1955990
1956088 1956355
1956778 1957010
1957019 1957261
1957737 1958023
1958354 1958633
1958677 1958910
1959353 1959598
1959630 1959907
1960239 1960506
1960820 1961055
1961522 1961769
1961897 1962189
1962239 1962494
1962728 1962960
1963355 1963608
1963992 1964271
1964404 1964665
1964904 1965139
1965204 1965455
1965491 1965765
1966000 1966251
1966329 1966563
1966878 1967141
1967445 1967718
1967760 1968013
1968099 1968335
1968771 1969024
1969229 1969505
1969616 1969878
1970291 1970516
1970954 1971204
1971273 1971548
1972008 1972277
1972753 1972992
1973180 1973423
1973678 1973956
1974258 1974533
1974945 1975186
1975228 1975464
1975619 1975892
1976238 1976522
1976880 1977132
1977428 1977663
1977944 1978197
1978566 1978853
1979100 1979355
1979445 1979667
1980068 1980336
1980805 1981083
1981411 1981640
1981882 1982120
1982178 1982457
1982936 1983210
1983442 1983688
1983887 1984124
1984189 1984451
1984479 1984756
1985052 1985312
1985660 1985903
1986036 1986294
1986504 1986763
1986893 1987148
1987573 1987836
1988159 1988419
1988704 1988936
1989365 1989618
1989915 1990193
1990280 1990538
1990556 1990784
1991282 1991543
1992012 1992296
1992642 1992886
1993306 1993541
1993825 1994097
1994272 1994551
1994626 1994881
1995104 1995343
1995453 1995700
1995797 1996065
1996151 1996404
1996504 1996760
1997202 1997462
1997880 1998145
1998194 1998445
1998877 1999122
1999354 1999607
1999797 2000066
2000553 2000808
2000846 2001088
2001524 2001782
2001828 2002091
2002451 2002702
2003145 2003402
2003715 2003982
2004055 2004314
2004733 2004985
2005014 2005266
2005298 2005549
2005782 2006036
2006125 2006380
2006416 2006665
2006970 2007231
2007433 2007701
2008044 2008285
2008381 2008619
2008722 2008993
2009100 2009368
2009499 2009743
2010213 2010462
2010746 2011020
2011443 2011702
2012078 2012315
2012575 2012826
2013120 2013396
2013398 2013672
2014038 2014292
2014643 2014891
2015155 2015411
2015619 2015882
2016235 2016490
2016740 2016985
2017077 2017345
2017392 2017654
2018011 2018264
2018322 2018575
2018843 2019113
2019126 2019387
2019436 2019689
2019693 2019950
2020005 2020264
2020592 2020856
2020924 2021174
2021418 2021663
2021891 2022165
2022322 2022586
2022785 2023013
2023039 2023275
2023618 2023902
2023903 2024175
2024258 2024487
2024634 2024875
2025112 2025395
2025726 2025992
2026039 2026276
2026377 2026639
2026864 2027140
2027271 2027518
2027705 2027945
2028304 2028564
2028781 2029061
2029483 2029742
2029771 2030017
2030039 2030298
2030525 2030776
2030823 2031077
2031079 2031343
2031423 2031678
2031895 2032132
2032216 2032485
2032821 2033097
2033179 2033427
2033903 2034149
2034247 2034515
2034579 2034868
2035047 2035297
2035491 2035719
2035921 2036188
2036587 2036875
2037265 2037512
2037700 2037919
2038382 2038644
2038969 2039258
2039295 2039544
2039594 2039818
2040170 2040432
2040829 2041108
2041276 2041534
2041890 2042129
2042598 2042866
2043229 2043506
2043735 2043975
2043983 2044237
2044524 2044796
2045291 2045545
2045727 2045965
2046049 2046303
2046680 2046947
2047221 2047479
2047799 2048057
2048480 2048732
2048778 2049032
2049107 2049373
2049580 2049837
2050241 2050506
2050979 2051227
2051234 2051484
2051926 2052188
2052346 2052606
2052848 2053102
2053156 2053402
2053433 2053697
2053761 2054022
2054161 2054405
2054583 2054826
2055038 2055303
2055354 2055617
2055889 2056128
2056336 2056587
2056730 2057020
2057355 2057608
2057991 2058219
2058406 2058660
2058709 2058981
2059096 2059352
2059568 2059805
2060145 2060396
2060506 2060782
2061088 2061346
2061762 2061987
2062455 2062717
2062948 2063243
2063457 2063711
2064071 2064290
2064354 2064617
2064883 2065174
2065390 2065647
2065976 2066207
2066615 2066879
2067321 2067596
2068086 2068346
2068732 2068964
2069093 2069348
2069773 2070065
2070540 2070805
2071209 2071413
2071672 2071920
2072030 2072332
2072401 2072665
2073117 2073327
2073366 2073610
2073748 2074045
2074335 2074604
2075006 2075225
2075587 2075837
2076275 2076573
2076915 2077178
2077338 2077560
2077832 2078080
2078293 2078580
2078664 2078922
2079095 2079322
2079462 2079714
2079843 2080123
2080139 2080400
2080646 2080879
2081054 2081312
2081733 2082018
2082489 2082755
2083251 2083487
2083879 2084133
2084374 2084656
2084769 2085036
2085130 2085366
2085829 2086086
2086227 2086497
2086799 2087053
2087331 2087575
2087701 2087962
2088234 2088506
2088655 2088911
2089397 2089641
2089681 2089934
2090309 2090573
2091024 2091292
2091382 2091636
2091991 2092243
2092500 2092743
2092766 2093030
2093262 2093532
2093716 2093960
2094030 2094268
2094628 2094909
2095326 2095592
2096025 2096263
2096492 2096742
2096754 2097024
2097342 2097608
2098073 2098317
2098801 2099041
2099242 2099516
2099746 2100022
2100287 2100518
2100637 2100898
2101272 2101547
2101793 2102044
2102396 2102625
2103023 2103285
2103603 2103877
2104104 2104353
2104368 2104598
2105083 2105342
2105561 2105845
2106312 2106558
2106788 2107026
2107135 2107415
2107760 2108040
2108133 2108375
2108402 2108641
2109102 2109366
2109570 2109847
2110340 2110581
2110794 2111033
2111057 2111328
2111787 2112069
2112460 2112707
2112773 2113004
2113364 2113620
2113881 2114155
2114434 2114673
2114964 2115193
2115442 2115727
2115854 2116152
2116188 2116418
2116665 2116894
2117244 2117525
2118012 2118285
2118420 2118639
2118956 2119222
2119599 2119898
2120203 2120467
2120469 2120689
2120886 2121142
2121181 2121471
2121802 2122057
2122112 2122346
2122666 2122922
2123328 2123599
2123953 2124209
2124240 2124482
2124521 2124786
2125101 2125366
2125561 2125815
2125995 2126235
2126589 2126842
2126847 2127118
2127197 2127467
2127527 2127774
2127919 2128158
2128266 2128529
2128986 2129268
2129337 2129591
2129861 2130082
2130549 2130804
2130935 2131239
2131722 2131974
2132254 2132470
2132714 2132978
2133103 2133414
2133443 2133697
2134095 2134304
2134488 2134738
2134849 2135139
2135459 2135720
2136063 2136295
2136511 2136762
2136959 2137239
2137643 2137914
2137925 2138159
2138478 2138722
2138870 2139144
2139452 2139714
2139957 2140202
2140572 2140811
2140858 2141132
2141496 2141770
2142219 2142437
2142863 2143101
2143273 2143568
2143727 2143996
2144114 2144356
2144522 2144765
2144937 2145202
2145316 2145585
2145994 2146242
2146690 2146935
2147269 2147531
2147753 2148008
2148189 2148445
2148934 2149193
2149366 2149637
2150074 2150322
2150361 2150612
2150643 2150907
2151138 2151383
2151457 2151713
2151918 2152174
2152215 2152468
2152713 2152980
2153424 2153684
2154182 2154420
2154872 2155112
2155177 2155444
2155646 2155921
2156048 2156294
2156542 2156769
2157093 2157372
2157648 2157944
2158022 2158263
2158296 2158522
2158861 2159133
2159531 2159812
2160244 2160475
2160844 2161079
2161150 2161425
2161517 2161790
2162038 2162273
2162637 2162872
2162936 2163204
2163515 2163797
2164191 2164437
2164574 2164818
2165231 2165494
2165963 2166239
2166406 2166656
2167105 2167349
2167848 2168113
2168583 2168855
2169229 2169482
2169923 2170166
2170638 2170910
2171246 2171510
2171937 2172181
2172423 2172668
2172981 2173240
2173660 2173919
2174241 2174502
2174889 2175153
2175547 2175804
2175943 2176190
2176439 2176698
2176898 2177162
2177201 2177461
2177749 2177998
2178240 2178493
2178598 2178861
2178966 2179229
2179326 2179577
2179823 2180077
2180557 2180818
2181247 2181516
2181855 2182117
2182151 2182396
2182892 2183149
2183505 2183757
2184238 2184505
2184769 2185029
2185328 2185576
2185749 2186009
2186232 2186491
2186528 2186793
2187095 2187351
2187454 2187705
2187747 2187988
2188073 2188341
2188631 2188892
2188974 2189223
2189382 2189636
2189710 2189966
2190210 2190466
2190663 2190917
2191270 2191527
2191564 2191822
2191831 2192084
2192476 2192732
2193006 2193260
2193621 2193875
2194315 2194573
2194587 2194843
2194950 2195212
2195236 2195504
2195568 2195819
2196158 2196396
2196830 2197076
2197177 2197458
2197920 2198184
2198682 2198924
2199194 2199432
2199884 2200151
2200212 2200495
2200638 2200892
2201131 2201358
2201528 2201791
2201833 2202110
2202555 2202801
2202937 2203183
2203618 2203908
2204059 2204336
2204540 2204760
2204942 2205189
2205534 2205836
2206262 2206528
2206792 2207007
2207132 2207370
2207664 2207963
2208263 2208546
2208573 2208787
2208988 2209221
2209525 2209837
2210169 2210461
2210471 2210673
2210834 2211053
2211058 2211376
2211529 2211819
2212208 2212412
2212772 2212982
2213410 2213728
2213846 2214143
2214208 2214405
2214798 2215020
2215443 2215746
2215988 2216274
2216344 2216550
2217003 2217229
2217315 2217623
2217905 2218210
2218598 2218796
2219041 2219260
2219417 2219720
2219881 2220173
2220482 2220702
2221025 2221245
2221470 2221777
2222119 2222416
2222791 2222990
2223317 2223533
2223638 2223960
2224250 2224545
2224735 2224919
2225386 2225608
2226004 2226328
2226538 2226832
2226882 2227062
2227539 2227766
2227780 2228114
2228391 2228676
2229114 2229299
2229552 2229775
2230056 2230383
2230874 2231160
2231655 2231868
2231964 2232206
2232666 2232960
2233163 2233434
2233740 2233958
2234166 2234406
2234532 2234820
2235181 2235451
2235860 2236081
2236324 2236569
2236615 2236920
2237317 2237584
2237980 2238197
2238262 2238502
2238705 2239004
2239434 2239715
2239776 2239985
2240196 2240423
2240661 2240964
2241066 2241353
2241784 2241997
2242352 2242573
2242852 2243150
2243627 2243912
2244338 2244547
2245041 2245277
2245492 2245788
2245912 2246188
2246292 2246503
2246523 2246756
2247010 2247309
2247421 2247692
2247995 2248211
2248348 2248604
2248940 2249239
2249605 2249868
2249964 2250183
2250389 2250637
2251017 2251309
2251711 2251972
2252116 2252341
2252811 2253067
2253385 2253671
2254071 2254332
2254658 2254880
2255155 2255414
2255697 2255990
2256428 2256680
2256835 2257062
2257093 2257359
2257581 2257857
2257979 2258226
2258301 2258537
2258776 2259032
2259527 2259810
2260219 2260470
2260753 2260989
2261094 2261348
2261773 2262053
2262138 2262390
2262653 2262888
2263001 2263256
2263515 2263795
2264219 2264487
2264763 2264999
2265189 2265424
2265613 2265899
2266091 2266365
2266807 2267031
2267162 2267401
2267716 2268003
2268462 2268737
2269030 2269257
2269642 2269884
2270377 2270661
2270756 2271031
2271395 2271633
2271945 2272190
2272483 2272760
2272936 2273199
2273252 2273497
2273752 2273999
2274243 2274506
2274612 2274887
2275142 2275381
2275572 2275801
2276043 2276303
2276477 2276762
2277103 2277363
2277531 2277758
2277808 2278059
2278167 2278454
2278670 2278929
2278990 2279222
2279526 2279781
2280010 2280298
2280573 2280815
2281066 2281302
2281799 2282068
2282169 2282441
2282940 2283178
2283487 2283721
2284131 2284406
2284629 2284910
2285195 2285434
2285658 2285895
2285955 2286222
2286343 2286624
2286713 2286955
2287184 2287417
2287818 2288086
2288130 2288400
2288842 2289085
2289233 2289479
2289842 2290116
2290426 2290684
2290991 2291218
2291583 2291834
2292102 2292382
2292537 2292798
2293148 2293382
2293425 2293679
2294063 2294346
2294552 2294803
2295043 2295264
2295464 2295719
2295796 2296096
2296363 2296612
2296936 2297154
2297591 2297843
2298033 2298330
2298750 2299025
2299191 2299409
2299573 2299815
2299856 2300151
2300193 2300456
2300836 2301044
2301261 2301505
2301679 2301980
2302050 2302327
2302636 2302841
2303143 2303380
2303579 2303880
2304341 2304605
2304618 2304826
2305045 2305295
2305422 2305724
2305734 2305998
2306321 2306553
2306711 2306954
2307303 2307584
2307958 2308234
2308726 2308983
2309163 2309392
2309641 2309886
2310021 2310299
2310642 2310919
2311311 2311537
2311656 2311889
2312272 2312564
2312864 2313151
2313426 2313651
2313897 2314128
2314188 2314460
2314493 2314783
2315078 2315326
2315587 2315813
2316051 2316305
2316657 2316938
2317377 2317633
2318117 2318354
2318757 2319012
2319131 2319415
2319670 2319918
2320078 2320317
2320541 2320804
2320808 2321093
2321134 2321386
2321544 2321785
2321786 2322042
2322254 2322520
2322909 2323177
2323409 2323670
2323731 2323980
2324051 2324311
2324530 2324789
2325050 2325292
2325513 2325760
2326248 2326524
2326932 2327191
2327322 2327572
2327878 2328129
2328491 2328759
2329243 2329512
2329573 2329821
2329831 2330071
2330311 2330582
2330602 2330873
2331074 2331318
2331516 2331745
2331783 2332054
2332474 2332754
2332909 2333155
2333250 2333487
2333734 2333995
2334444 2334729
2334828 2335084
2335147 2335380
2335431 2335693
2335990 2336270
2336331 2336582
2336854 2337091
2337501 2337760
2338003 2338287
2338784 2339039
2339396 2339623
2339889 2340146
2340634 2340921
2341330 2341572
2341836 2342061
2342085 2342361
2342561 2342843
2343315 2343550
2343792 2344025
2344349 2344616
2344735 2345013
2345470 2345713
2345895 2346125
2346142 2346396
2346885 2347171
2347540 2347807
2347843 2348074
2348238 2348482
2348699 2348982
2349446 2349728
2349914 2350136
2350382 2350610
2351076 2351370
2351708 2351986
2352202 2352414
2352730 2352969
2353208 2353514
2353893 2354166
2354248 2354459
2354593 2354820
2354847 2355141
2355621 2355904
2355976 2356193
2356315 2356551
2356954 2357243
2357319 2357601
2357990 2358221
2358524 2358754
2359080 2359348
2359541 2359826
2360058 2360300
2360435 2360661
2360662 2360939
2361398 2361679
2361870 2362102
2362232 2362458
2362813 2363092
2363374 2363658
2364088 2364324
2364530 2364754
2365088 2365371
2365410 2365697
2365914 2366149
2366439 2366667
2367055 2367345
2367409 2367689
2367898 2368117
2368425 2368647
2368824 2369112
2369463 2369754
2369902 2370133
2370259 2370483
2370930 2371208
2371373 2371641
2371770 2372002
2372022 2372276
2372458 2372740
2372763 2373022
2373443 2373690
2374036 2374307
2374338 2374602
2374957 2375198
2375451 2375696
2375719 2376010
2376148 2376408
2376488 2376709
2376841 2377091
2377487 2377786
2377797 2378060
2378154 2378379
2378795 2379036
2379292 2379572
2379832 2380102
2380413 2380635
2380786 2381013
2381066 2381348
2381500 2381788
2382202 2382434
2382838 2383067
2383245 2383524
2384015 2384302
2384489 2384720
2385070 2385304
2385321 2385598
2385953 2386221
2386387 2386632
2386916 2387168
2387349 2387607
2387832 2388099
2388112 2388377
2388791 2389042
2389478 2389728
2390214 2390468
2390522 2390770
2391077 2391337
2391502 2391755
2391896 2392139
2392354 2392618
2392683 2392955
2393412 2393650
2394084 2394323
2394516 2394797
2395101 2395364
2395684 2395918
2396239 2396478
2396892 2397178
2397436 2397714
2397869 2398103
2398355 2398590
2398839 2399126
2399524 2399810
2400112 2400337
2400701 2400929
2401323 2401612
2401613 2401914
2402155 2402384
2402822 2403031
2403190 2403466
2403743 2404046
2404169 2404401
2404421 2404639
2404811 2405096
2405121 2405408
2405599 2405838
2406201 2406426
2406915 2407180
2407228 2407504
2407737 2407994
2408367 2408600
2408890 2409154
2409523 2409800
2410058 2410301
2410767 2411002
2411016 2411276
2411677 2411951
2412270 2412517
2412825 2413060
2413088 2413360
2413749 2414020
2414378 2414624
2415098 2415332
2415348 2415609
2415854 2416145
2416400 2416661
2417051 2417274
2417335 2417577
2417839 2418130
2418473 2418745
2419184 2419422
2419466 2419713
2420077 2420354
2420722 2420985
2421388 2421620
2421914 2422155
2422353 2422620
2422938 2423211
2423557 2423801
2424292 2424535
2425034 2425296
2425597 2425861
2425911 2426155
2426488 2426735
2427007 2427275
2427348 2427603
2427775 2428010
2428132 2428382
2428674 2428948
2429421 2429684
2429737 2429983
2430255 2430507
2430721 2430986
2431212 2431468
2431498 2431742
2432180 2432436
2432555 2432829
2432920 2433188
2433461 2433694
2433756 2434002
2434028 2434314
2434464 2434730
2435076 2435298
2435779 2436030
2436067 2436358
2436735 2436984
2437344 2437578
2437977 2438240
2438684 2438959
2439215 2439466
2439717 2439964
2440411 2440698
2440888 2441152
2441269 2441501
2441933 2442197
2442679 2442956
2443151 2443399
2443833 2444080
2444468 2444748
2445144 2445407
2445462 2445703
2445879 2446132
2446516 2446794
2447118 2447379
2447852 2448082
2448228 2448480
2448555 2448848
2448874 2449130
2449506 2449722
2449934 2450187
2450194 2450496
2450869 2451124
2451200 2451417
2451806 2452052
2452429 2452714
2453113 2453379
2453814 2454040
2454266 2454514
2454717 2455014
2455253 2455505
2455817 2456037
2456046 2456311
2456738 2457043
2457520 2457773
2457780 2457979
2458416 2458677
2458887 2459196
2459330 2459581
2459825 2460035
2460272 2460539
2460725 2461026
2461286 2461525
2461890 2462097
2462394 2462663
2462941 2463231
2463366 2463607
2463695 2463915
2463924 2464188
2464232 2464533
2464621 2464873
2464997 2465217
2465417 2465686
2466081 2466372
2466503 2466736
2467185 2467411
2467625 2467903
2468055 2468331
2468702 2468939
2469265 2469511
2469950 2470229
2470660 2470930
2471144 2471373
2471714 2471953
2471994 2472280
2472595 2472868
2473025 2473252
2473566 2473808
2473865 2474143
2474195 2474466
2474685 2474920
2475392 2475644
2475814 2476091
2476329 2476589
2476872 2477129
2477551 2477799
2478272 2478518
2478861 2479124
2479570 2479832
2480144 2480388
2480423 2480688
2480727 2481000
2481016 2481268
2481411 2481645
2482040 2482309
2482768 2483064
2483096 2483334
2483406 2483616
2483900 2484173
2484524 2484826
2484880 2485117
2485517 2485721
2486018 2486289
2486631 2486935
2487174 2487405
2487736 2487939
2488082 2488361
2488394 2488706
2489173 2489413
2489857 2490069
2490283 2490567
2491037 2491331
2491371 2491612
2491631 2491845
2492175 2492445
2492788 2493088
2493458 2493700
2493931 2494145
2494622 2494896
2494914 2495210
2495684 2495928
2496097 2496331
2496521 2496797
2496869 2497150
2497631 2497870
2498207 2498428
2498857 2499128
2499435 2499726
2499872 2500114
2500562 2500794
2500898 2501169
2501606 2501884
2502013 2502258
2502602 2502836
2503065 2503341
2503757 2504040
2504406 2504645
2505131 2505372
2505702 2505974
2506044 2506326
2506746 2506986
2507381 2507610
2507918 2508181
2508637 2508932
2509430 2509677
2510016 2510227
2510458 2510721
2510763 2511068
2511350 2511606
2512071 2512276
2512724 2512967
2513434 2513740
2513924 2514198
2514259 2514466
2514648 2514891
2514894 2515192
2515296 2515573
2515623 2515837
2516191 2516439
2516630 2516930
2517350 2517605
2517613 2517823
2517848 2518097
2518512 2518801
2518873 2519137
2519181 2519413
2519795 2520048
2520107 2520387
2520654 2520923
2520982 2521214
2521568 2521824
2521919 2522197
2522569 2522831
2523215 2523455
2523706 2523962
2524089 2524366
2524383 2524634
2524827 2525050
2525309 2525577
2525716 2526009
2526021 2526268
2526301 2526521
2526817 2527089
2527359 2527652
2527991 2528226
2528293 2528504
2528968 2529245
2529672 2529962
2529965 2530194
2530546 2530766
2531057 2531345
2531793 2532091
2532160 2532377
2532763 2532972
2533407 2533706
2533805 2534115
2534300 2534521
2534545 2534754
2535073 2535368
2535741 2536044
